Hora	temperatura	umidade	eco2	TVOC	COVT mg	co2
12:05:04	27,2	49	3476	468	104,0	768
12:05:24	27,2	48	3476	468	104,0	769
12:05:44	26,9	48	3525	476	105,8	775
12:06:04	27	49	3525	476	105,8	784
12:06:24	27	49	3573	483	107,3	793
12:06:44	27	49	3618	490	108,9	793
12:07:04	27,1	49	3618	490	108,9	794
12:07:24	27,1	49	3573	483	107,3	799
12:07:45	27,1	48	3618	490	108,9	803
12:08:05	27,4	48	3618	490	108,9	810
12:08:25	27	49	3692	501	111,3	812
12:08:45	27	49	3618	490	108,9	818
12:09:05	27,3	48	3573	483	107,3	822
12:09:25	27,2	49	3618	490	108,9	824
12:09:45	27	49	3618	490	108,9	827
12:10:05	27,2	48	3618	490	108,9	834
12:10:25	27,3	49	3573	483	107,3	844
12:10:45	27,3	48	3734	507	112,7	844
12:11:05	27	48	3913	535	118,9	844
12:11:25	27,1	48	3968	543	120,7	847
12:11:45	27,3	49	3913	535	118,9	849
12:12:05	27,1	49	4011	550	122,2	853
12:12:25	27,1	49	4106	564	125,3	857
12:12:45	27,4	49	3835	523	116,2	866
12:13:05	27,1	49	3913	535	118,9	874
12:13:25	27,1	49	3913	535	118,9	882
12:13:46	27,4	49	3525	476	105,8	885
12:14:06	27	49	3734	507	112,7	883
12:14:26	27,1	49	3791	516	114,7	884
12:14:46	27,2	49	3791	516	114,7	885
12:15:06	27	49	3411	458	101,8	886
12:15:26	27	49	3261	435	96,7	891
12:15:46	27,4	49	3525	476	105,8	895
12:16:06	27,1	49	3525	476	105,8	899
12:16:26	27,1	49	3573	483	107,3	904
12:16:46	27,1	49	3221	429	95,3	907
12:17:06	27,1	49	2704	351	78,0	907
12:17:26	27,1	49	3476	468	104,0	904
12:17:46	27	48	3525	476	105,8	891
12:18:06	27,2	48	3261	435	96,7	885
12:18:26	27,3	49	3221	429	95,3	883
12:18:46	27,1	49	3525	476	105,8	881
12:19:06	27,3	48	3791	516	114,7	883
12:19:27	27,3	49	3525	476	105,8	890
12:19:47	27	49	3692	501	111,3	891
12:20:07	27,4	48	4106	564	125,3	894
12:20:27	27,4	48	4166	573	127,3	899
12:20:47	27,1	48	4364	603	134,0	905
12:21:07	27,1	48	3835	523	116,2	904
12:21:27	27,3	49	3032	400	88,9	907
12:21:47	27,1	49	4011	550	122,2	908
12:22:07	27,3	49	4106	564	125,3	908
12:22:27	27,1	49	3835	523	116,2	907
12:22:47	27,1	49	3618	490	108,9	910
12:23:07	27,3	49	4106	564	125,3	914
12:23:27	27,2	49	4106	564	125,3	921
12:23:47	27,1	49	3734	507	112,7	931
12:24:07	27,2	50	3573	483	107,3	939
12:24:27	27,1	49	3913	535	118,9	947
12:24:47	27,1	49	3913	535	118,9	952
12:25:07	27,4	49	3968	543	120,7	960
12:25:28	27,4	49	3734	507	112,7	971
12:25:48	27,1	49	2996	395	87,8	978
12:26:08	27,1	50	4011	550	122,2	982
12:26:28	27,2	50	4011	550	122,2	987
12:26:48	27,1	49	4011	550	122,2	989
12:27:08	27,1	49	3618	490	108,9	996
12:27:28	27,2	50	4011	550	122,2	1003
12:27:48	27,2	49	4166	573	127,3	1011
12:28:08	27,2	50	4250	586	130,2	1018
12:28:28	27,2	50	4250	586	130,2	1025
12:28:48	27,4	49	4166	573	127,3	1027
12:29:08	27,2	49	4011	550	122,2	1027
12:29:28	27,2	49	4250	586	130,2	1029
12:29:48	27,1	49	3913	535	118,9	1031
12:30:08	27,2	49	3913	535	118,9	1034
12:30:28	27,1	49	3573	483	107,3	1041
12:30:48	26,1	48	3315	444	98,7	1049
12:31:09	26,2	48	3261	435	96,7	1049
12:31:29	25,9	46	3221	429	95,3	1039
12:31:49	25,9	47	2954	389	86,4	1027
12:32:09	25,9	47	3372	452	100,4	1020
12:32:29	26,2	48	3372	452	100,4	1015
12:32:49	26,1	48	3411	458	101,8	1008
12:33:09	25,9	47	3476	468	104,0	1000
12:33:29	26,2	48	3372	452	100,4	998
12:33:49	26	49	3476	468	104,0	991
12:34:09	25,9	48	3476	468	104,0	987
12:34:29	25,9	48	3525	476	105,8	978
12:34:49	26,1	48	3525	476	105,8	968
12:35:09	25,9	47	3525	476	105,8	965
12:35:29	25,9	48	3525	476	105,8	962
12:35:49	26	49	3525	476	105,8	955
12:36:09	26	48	3525	476	105,8	951
12:36:29	25,9	47	3525	476	105,8	947
12:36:50	25,9	47	3573	483	107,3	940
12:37:10	25,8	48	3476	468	104,0	936
12:37:30	26,1	48	3476	468	104,0	925
12:37:50	25,9	48	3476	468	104,0	918
12:38:10	26	49	3476	468	104,0	915
12:38:30	25,9	48	3476	468	104,0	909
12:38:50	25,9	48	3525	476	105,8	902
12:39:10	25,9	48	3573	483	107,3	899
12:39:30	26,1	49	3573	483	107,3	899
12:39:50	25,9	48	3573	483	107,3	898
12:40:10	26	49	3573	483	107,3	898
12:40:30	25,9	48	3525	476	105,8	894
12:40:50	26,2	49	3411	458	101,8	895
12:41:10	26	49	3411	458	101,8	897
12:41:30	25,9	48	3525	476	105,8	894
12:41:50	26,2	50	3411	458	101,8	896
12:42:10	26,1	49	3372	452	100,4	893
12:42:30	26,1	49	3315	444	98,7	882
12:42:51	25,9	48	3315	444	98,7	875
12:43:11	26,1	49	3315	444	98,7	869
12:43:31	25,9	48	3315	444	98,7	865
12:43:51	25,9	48	3315	444	98,7	863
12:44:11	26	49	3315	444	98,7	857
12:44:31	25,8	49	3372	452	100,4	850
12:44:51	25,8	49	3411	458	101,8	844
12:45:11	25,9	49	3411	458	101,8	838
12:45:31	26,5	50	3525	476	105,8	832
12:45:51	25,9	49	3525	476	105,8	831
12:46:11	25,8	49	3476	468	104,0	833
12:46:31	26,1	50	3525	476	105,8	831
12:46:51	25,9	49	3476	468	104,0	828
12:47:11	25,9	48	3573	483	107,3	829
12:47:31	26,1	50	3573	483	107,3	830
12:47:51	25,9	48	3525	476	105,8	825
12:48:11	26,1	49	3411	458	101,8	824
12:48:32	25,9	48	3315	444	98,7	820
12:48:52	26,2	49	3315	444	98,7	815
12:49:12	26	49	3261	435	96,7	813
12:49:32	25,9	48	3315	444	98,7	810
12:49:52	25,9	48	3372	452	100,4	808
12:50:12	25,9	48	3411	458	101,8	809
12:50:32	26,1	49	3411	458	101,8	810
12:50:52	25,9	48	3411	458	101,8	810
12:51:12	26	49	3411	458	101,8	813
12:51:32	26,2	49	3476	468	104,0	815
12:51:52	25,9	49	3476	468	104,0	818
12:52:12	25,8	48	3372	452	100,4	819
12:52:32	26,2	49	3315	444	98,7	815
12:52:52	26,1	48	3261	435	96,7	814
12:53:12	25,9	47	3032	400	88,9	812
12:53:32	26,1	48	3167	421	93,6	807
12:53:52	26	48	3221	429	95,3	809
12:54:12	25,2	47	3221	429	95,3	808
12:54:33	26	48	3221	429	95,3	807
12:54:53	26	48	3261	435	96,7	808
12:55:13	26,1	48	3315	444	98,7	809
12:55:33	25,8	48	3372	452	100,4	811
12:55:53	25,9	48	3411	458	101,8	810
12:56:13	25,8	47	3372	452	100,4	806
12:56:33	25,9	47	3372	452	100,4	808
12:56:53	26	49	3411	458	101,8	807
12:57:13	26,3	49	3372	452	100,4	809
12:57:33	26	49	3372	452	100,4	814
12:57:53	25,9	48	3525	476	105,8	817
12:58:13	25,9	49	3525	476	105,8	820
12:58:33	26	49	3525	476	105,8	827
12:58:53	26,4	49	3372	452	100,4	830
12:59:13	25,9	48	3411	458	101,8	834
12:59:33	26	49	3261	435	96,7	836
12:59:53	26	48	3261	435	96,7	834
13:00:14	26,1	48	3221	429	95,3	829
13:00:34	25,9	47	3128	415	92,2	830
13:00:54	25,9	46	3128	415	92,2	827
13:01:14	25,8	46	3167	421	93,6	825
13:01:34	25,9	46	3261	435	96,7	818
13:01:54	25,8	47	3315	444	98,7	814
13:02:14	26,1	48	3411	458	101,8	813
13:02:34	25,8	47	3476	468	104,0	813
13:02:54	26,1	48	3372	452	100,4	810
13:03:14	25,9	47	3411	458	101,8	811
13:03:34	26	49	3476	468	104,0	818
13:03:54	25,9	48	3411	458	101,8	821
13:04:14	26,1	49	3261	435	96,7	827
13:04:34	25,9	48	3261	435	96,7	837
13:04:54	25,8	48	3261	435	96,7	839
13:05:14	26,1	49	3261	435	96,7	835
13:05:34	25,9	48	3261	435	96,7	831
13:05:54	25,9	48	3221	429	95,3	832
13:06:15	25,8	48	3167	421	93,6	833
13:06:35	25,8	47	3167	421	93,6	829
13:06:55	25,8	47	3221	429	95,3	828
13:07:15	25,8	48	3372	452	100,4	827
13:07:35	25,8	48	3372	452	100,4	825
13:07:55	25,9	48	3372	452	100,4	825
13:08:15	25,8	47	3372	452	100,4	824
13:08:35	26	49	3372	452	100,4	822
13:08:55	25,9	47	3261	435	96,7	816
13:09:15	25,9	47	3261	435	96,7	812
13:09:35	25,9	47	3221	429	95,3	812
13:09:55	25,8	47	3261	435	96,7	815
13:10:15	25,9	47	3167	421	93,6	814
13:10:35	26,1	48	3167	421	93,6	814
13:10:55	26	48	3167	421	93,6	813
13:11:15	25,7	47	3167	421	93,6	810
13:11:35	25,8	47	3167	421	93,6	810
13:11:56	25,9	47	3167	421	93,6	804
13:12:16	25,8	47	3221	429	95,3	799
13:12:36	25,9	47	3167	421	93,6	793
13:12:56	25,8	47	3221	429	95,3	787
13:13:16	25,9	47	3221	429	95,3	784
13:13:36	25,8	47	3261	435	96,7	778
13:13:56	26	48	3411	458	101,8	774
13:14:16	26,1	48	3411	458	101,8	774
13:14:36	25,8	47	3411	458	101,8	777
13:14:56	26,5	48	3525	476	105,8	779
13:15:16	25,9	47	3525	476	105,8	784
13:15:36	26,1	48	3525	476	105,8	787
13:15:56	25,9	46	3525	476	105,8	792
13:16:16	25,8	47	3261	435	96,7	799
13:16:36	25,9	47	3618	490	108,9	805
13:16:56	26	48	3618	490	108,9	812
13:17:16	26,2	48	3618	490	108,9	815
13:17:37	26,1	48	3618	490	108,9	820
13:17:57	25,8	47	3261	435	96,7	825
13:18:17	26	48	3618	490	108,9	831
13:18:37	25,8	47	3618	490	108,9	829
13:18:57	25,8	47	3618	490	108,9	832
13:19:17	25,8	47	3315	444	98,7	832
13:19:37	25,9	47	3315	444	98,7	833
13:19:57	26	48	3476	468	104,0	830
13:20:17	25,9	47	3476	468	104,0	825
13:20:37	26,1	48	3221	429	95,3	823
13:20:57	25,9	47	3167	421	93,6	818
13:21:17	25,8	47	3476	468	104,0	815
13:21:37	26,1	48	3573	483	107,3	806
13:21:57	26	48	3618	490	108,9	808
13:22:17	26	49	3315	444	98,7	810
13:22:37	26	48	3128	415	92,2	814
13:22:57	26,4	48	3618	490	108,9	815
13:23:17	25,8	47	3618	490	108,9	820
13:23:38	25,9	47	3315	444	98,7	824
13:23:58	25,8	47	3315	444	98,7	820
13:24:18	26	48	3692	501	111,3	818
13:24:38	26,1	48	3734	507	112,7	816
13:24:58	25,9	47	3692	501	111,3	820
13:25:18	25,9	47	3167	421	93,6	826
13:25:38	25,9	47	2674	346	76,9	829
13:25:58	25,8	48	3476	468	104,0	831
13:26:18	25,9	47	3476	468	104,0	833
13:26:38	26	48	3128	415	92,2	834
13:26:58	25,8	47	3032	400	88,9	835
13:27:18	25,8	47	3372	452	100,4	834
13:27:38	26,1	49	3372	452	100,4	835
13:27:58	25,9	47	3077	407	90,4	834
13:28:18	25,9	47	3128	415	92,2	833
13:28:38	26,1	48	2072	254	56,4	834
13:28:58	25,8	47	3525	476	105,8	830
13:29:19	25,9	47	3525	476	105,8	823
13:29:39	25,9	47	3221	429	95,3	819
13:29:59	26	48	2996	395	87,8	819
13:30:19	25,9	47	3525	476	105,8	818
13:30:39	26,1	48	3525	476	105,8	817
13:30:59	25,9	47	3573	483	107,3	812
13:31:19	26,1	48	3221	429	95,3	810
13:31:39	25,9	47	3525	476	105,8	809
13:31:59	25,8	47	3618	490	108,9	811
13:32:19	25,8	47	3692	501	111,3	809
13:32:39	26	49	3734	507	112,7	806
13:32:59	25,8	47	2734	355	78,9	801
13:33:19	25,8	47	3734	507	112,7	800
13:33:39	25,9	47	3791	516	114,7	798
13:33:59	25,9	48	3835	523	116,2	798
13:34:19	26	49	3734	507	112,7	802
13:34:39	25,8	48	3734	507	112,7	803
13:35:00	26	49	3734	507	112,7	804
13:35:20	25,8	48	3692	501	111,3	807
13:35:40	25,9	48	3692	501	111,3	808
13:36:00	25,9	48	3791	516	114,7	808
13:36:20	25,9	48	3791	516	114,7	808
13:36:40	25,9	48	3835	523	116,2	805
13:37:00	25,9	48	3791	516	114,7	806
13:37:20	25,9	48	3835	523	116,2	808
13:37:40	26	49	3835	523	116,2	810
13:38:00	25,8	48	3835	523	116,2	811
13:38:20	25,9	48	3791	516	114,7	813
13:38:40	25,9	48	3791	516	114,7	816
13:39:00	25,9	48	3791	516	114,7	821
13:39:20	25,8	47	3618	490	108,9	828
13:39:40	26	48	3573	483	107,3	834
13:40:00	25,9	47	3411	458	101,8	830
13:40:20	26	48	3372	452	100,4	826
13:40:40	25,9	47	3315	444	98,7	826
13:41:01	25,8	47	3372	452	100,4	827
13:41:21	25,9	47	3411	458	101,8	826
13:41:41	25,8	47	3476	468	104,0	824
13:42:01	26,3	48	3525	476	105,8	821
13:42:21	25,8	47	3476	468	104,0	817
13:42:41	25,9	47	3167	421	93,6	813
13:43:01	25,9	47	4621	643	142,9	808
13:43:21	25,9	48	5222	734	163,1	807
13:43:41	25,9	48	5550	784	174,2	803
13:44:01	25,8	48	6255	891	198,0	802
13:44:21	25,8	47	6951	998	221,8	795
13:44:41	25,8	47	7985	1155	256,7	792
13:45:01	26,1	48	7806	1128	250,7	788
13:45:21	25,8	47	6991	1004	223,1	786
13:45:41	25,8	47	6898	989	219,8	789
13:46:01	26,4	48	6117	870	193,3	786
13:46:21	26,2	48	6249	891	198,0	785
13:46:42	26	48	5827	826	183,6	786
13:47:02	25,8	47	5541	783	174,0	782
13:47:22	25,9	47	5277	742	164,9	779
13:47:42	26,1	48	4945	692	153,8	780
13:48:02	25,9	47	4652	647	143,8	778
13:48:22	26,1	49	4509	625	138,9	779
13:48:42	25,9	48	4457	618	137,3	779
13:49:02	25,9	48	4381	606	134,7	781
13:49:22	26	48	4242	585	130,0	785
13:49:42	26	48	4242	585	130,0	786
13:50:02	25,8	47	4044	555	123,3	784
13:50:22	25,9	47	3968	543	120,7	781
13:50:42	25,8	47	3968	543	120,7	780
13:51:02	25,8	48	4044	555	123,3	777
13:51:22	25,8	47	4044	555	123,3	779
13:51:42	25,8	47	4110	565	125,6	778
13:52:02	26,1	48	4186	576	128,0	776
13:52:23	25,9	47	4242	585	130,0	775
13:52:43	25,9	47	4186	576	128,0	777
13:53:03	25,8	47	4242	585	130,0	774
13:53:23	26	48	4315	596	132,4	773
13:53:43	26	48	4242	585	130,0	772
13:54:03	26	48	4242	585	130,0	773
13:54:23	25,8	47	4110	565	125,6	774
13:54:43	26	47	3968	543	120,7	774
13:55:03	26,1	48	3926	537	119,3	775
13:55:23	25,8	47	3875	529	117,6	777
13:55:43	25,9	47	3926	537	119,3	777
13:56:03	25,9	47	3926	537	119,3	774
13:56:23	26,1	48	3875	529	117,6	771
13:56:43	26,1	48	3926	537	119,3	768
13:57:03	25,8	47	4044	555	123,3	770
13:57:23	26	48	4186	576	128,0	765
13:57:43	25,8	47	4457	618	137,3	761
13:58:03	25,8	47	4716	657	146,0	760
13:58:24	25,8	47	4879	682	151,6	758
13:58:44	26,1	48	4716	657	146,0	760
13:59:04	26,1	48	4578	636	141,3	760
13:59:24	26,1	48	4509	625	138,9	765
13:59:44	25,9	47	4457	618	137,3	765
14:00:04	25,9	47	4315	596	132,4	766
14:00:24	25,9	47	4315	596	132,4	769
14:00:44	26,1	48	4186	576	128,0	768
14:01:04	26	48	4110	565	125,6	770
14:01:24	25,8	46	4186	576	128,0	774
14:01:44	26	47	4044	555	123,3	781
14:02:04	25,9	47	4044	555	123,3	786
14:02:24	26	48	3968	543	120,7	780
14:02:44	25,9	47	3968	543	120,7	778
14:03:04	25,8	47	3968	543	120,7	778
14:03:24	25,9	47	3968	543	120,7	776
14:03:44	25,8	46	3926	537	119,3	777
14:04:04	25,9	45	3968	543	120,7	778
14:04:25	25,8	45	3968	543	120,7	776
14:04:45	26	45	3926	537	119,3	777
14:05:05	25,9	44	3926	537	119,3	774
14:05:25	26,1	45	3824	521	115,8	770
14:05:45	25,9	43	3762	512	113,8	770
14:06:05	25,8	43	3709	504	112,0	767
14:06:25	25,8	43	3762	512	113,8	765
14:06:45	26	44	3709	504	112,0	763
14:07:05	26	43	3670	498	110,7	763
14:07:25	25,9	42	3670	498	110,7	764
14:07:45	25,8	42	3601	487	108,2	766
14:08:05	25,8	42	3601	487	108,2	763
14:08:25	25,9	42	3552	480	106,7	757
14:08:45	25,8	41	3552	480	106,7	755
14:09:05	26	42	3485	469	104,2	758
14:09:25	26	42	3446	464	103,1	757
14:09:46	25,9	40	3446	464	103,1	755
14:10:06	26	41	3446	464	103,1	754
14:10:26	25,9	40	3397	456	101,3	747
14:10:46	25,9	40	3334	446	99,1	744
14:11:06	25,8	39	3299	441	98,0	743
14:11:26	25,9	39	3255	434	96,4	743
14:11:46	26,1	40	3255	434	96,4	749
14:12:06	26	40	3158	420	93,3	750
14:12:26	25,8	39	2785	363	80,7	750
14:12:46	25,7	39	3083	408	90,7	750
14:13:06	25,7	39	3083	408	90,7	745
14:13:26	26	40	3042	402	89,3	749
14:13:46	25,7	39	2913	382	84,9	751
14:14:06	25,8	39	2643	341	75,8	746
14:14:26	25,7	39	2913	382	84,9	744
14:14:46	25,7	39	2830	370	82,2	746
14:15:06	25,7	39	2830	370	82,2	746
14:15:26	25,8	39	2830	370	82,2	744
14:15:47	25,7	39	2608	336	74,7	744
14:16:07	25,9	38	2785	363	80,7	749
14:16:27	25,8	38	2754	358	79,6	751
14:16:47	25,9	38	2674	346	76,9	749
14:17:07	26,1	39	2674	346	76,9	744
14:17:27	25,1	38	2504	320	71,1	746
14:17:47	25,9	38	2568	330	73,3	749
14:18:07	26	39	2568	330	73,3	747
14:18:27	26,2	39	2504	320	71,1	744
14:18:47	24,7	38	2504	320	71,1	740
14:19:07	25,5	38	2430	309	68,7	737
14:19:27	25	38	2539	325	72,2	739
14:19:47	25,5	38	2504	320	71,1	739
14:20:07	24,6	37	2504	320	71,1	737
14:20:27	24,7	37	2430	309	68,7	739
14:20:47	24,2	37	2404	305	67,8	738
14:21:07	24,2	37	2404	305	67,8	736
14:21:28	23,7	37	2430	309	68,7	734
14:21:48	23,8	37	2404	305	67,8	734
14:22:08	23,7	37	2404	305	67,8	753
14:22:28	23,7	37	2378	301	66,9	760
14:22:48	23,9	37	2504	320	71,1	757
14:23:08	23,7	37	2504	320	71,1	758
14:23:28	23,9	37	2539	325	72,2	759
14:23:48	23,7	37	2568	330	73,3	760
14:24:08	23,9	37	2430	309	68,7	756
14:24:28	23,8	37	2568	330	73,3	751
14:24:48	24	37	2539	325	72,2	754
14:25:08	24	37	2608	336	74,7	758
14:25:28	24	37	2539	325	72,2	757
14:25:48	23,7	37	2430	309	68,7	761
14:26:08	23,9	37	2643	341	75,8	764
14:26:28	24,3	37	2674	346	76,9	762
14:26:48	23,8	37	2709	351	78,0	758
14:27:08	24	37	2504	320	71,1	756
14:27:29	23,9	37	2430	309	68,7	755
14:27:49	23,8	37	2643	341	75,8	756
14:28:09	24,3	37	2568	330	73,3	756
14:28:29	23,7	37	2504	320	71,1	756
14:28:49	23,8	36	2378	301	66,9	756
14:29:09	23,9	36	2340	295	65,6	755
14:29:29	23,9	36	2539	325	72,2	755
14:29:49	23,9	36	2568	330	73,3	758
14:30:09	23,9	36	2287	287	63,8	761
14:30:29	23,8	36	2197	273	60,7	762
14:30:49	23,8	36	2197	273	60,7	763
14:31:09	23,9	36	2539	325	72,2	764
14:31:29	23,8	36	2568	330	73,3	762
14:31:49	24	36	2340	295	65,6	761
14:32:09	23,9	36	2112	260	57,8	760
14:32:29	23,7	36	2197	273	60,7	760
14:32:49	23,9	36	2430	309	68,7	759
14:33:10	23,7	36	2253	282	62,7	758
14:33:30	23,8	36	2174	270	60,0	760
14:33:50	23,7	36	1269	132	29,3	760
14:34:10	23,9	36	1867	223	49,6	759
14:34:30	23,8	36	2378	301	66,9	760
14:34:50	23,9	36	2174	270	60,0	761
14:35:10	23,9	36	2025	247	54,9	764
14:35:30	23,8	36	2311	291	64,7	764
14:35:50	23,7	37	2311	291	64,7	765
14:36:10	23,7	37	2197	273	60,7	767
14:36:30	23,8	36	2090	257	57,1	767
14:36:50	23,8	36	1746	205	45,6	769
14:37:10	23,7	37	2220	277	61,6	771
14:37:30	23,8	37	2287	287	63,8	772
14:37:50	23,9	37	2090	257	57,1	769
14:38:10	23,8	37	2062	253	56,2	767
14:38:30	23,9	36	2311	291	64,7	768
14:38:50	23,7	36	2311	291	64,7	770
14:39:11	23,7	36	2287	287	63,8	769
14:39:31	23,9	37	1972	239	53,1	771
14:39:51	23,7	37	1867	223	49,6	773
14:40:11	23,7	37	2146	265	58,9	776
14:40:31	23,6	37	2146	265	58,9	778
14:40:51	23,9	37	2174	270	60,0	779
14:41:11	23,6	37	2004	244	54,2	781
14:41:31	23,7	37	1453	160	35,6	780
14:41:51	23,6	37	2197	273	60,7	777
14:42:11	23,9	37	2220	277	61,6	778
14:42:31	23,8	37	2311	291	64,7	780
14:42:51	23,8	37	2062	253	56,2	774
14:43:11	23,9	37	2174	270	60,0	771
14:43:31	23,7	37	2174	270	60,0	775
14:43:51	23,8	37	2220	277	61,6	779
14:44:11	23,7	37	2287	287	63,8	776
14:44:31	23,7	37	2025	247	54,9	775
14:44:52	23,8	37	2478	316	70,2	777
14:45:12	24,2	37	2478	316	70,2	780
14:45:32	24,3	37	2430	309	68,7	781
14:45:52	24,5	37	2404	305	67,8	781
14:46:12	24,9	37	1503	168	37,3	782
14:46:32	24,4	37	2311	291	64,7	784
14:46:52	24,9	37	2311	291	64,7	789
14:47:12	24,6	37	2378	301	66,9	793
14:47:32	24,6	37	2404	305	67,8	800
14:47:52	24,7	38	2340	295	65,6	801
14:48:12	24,7	38	2287	287	63,8	802
14:48:32	24,6	37	2220	277	61,6	800
14:48:52	24,5	37	2146	265	58,9	796
14:49:12	24,5	37	2025	247	54,9	798
14:49:32	24	37	2062	253	56,2	799
14:49:52	24,1	37	1972	239	53,1	798
14:50:12	23,7	37	1972	239	53,1	796
14:50:32	23,7	37	2004	244	54,2	794
14:50:53	23,9	37	1972	239	53,1	797
14:51:13	23,9	37	1972	239	53,1	803
14:51:33	23,9	37	1972	239	53,1	802
14:51:53	23,6	37	1930	233	51,8	802
14:52:13	23,7	37	1930	233	51,8	803
14:52:33	23,6	37	1894	227	50,4	804
14:52:53	23,7	37	1764	207	46,0	803
14:53:13	23,7	37	1867	223	49,6	806
14:53:33	23,7	37	1867	223	49,6	809
14:53:53	23,9	37	1904	229	50,9	812
14:54:13	23,6	37	2025	247	54,9	815
14:54:33	23,6	37	1972	239	53,1	817
14:54:53	23,6	37	2004	244	54,2	815
14:55:13	23,8	37	2004	244	54,2	814
14:55:33	23,6	37	2062	253	56,2	816
14:55:53	23,7	37	2062	253	56,2	818
14:56:13	23,6	37	2090	257	57,1	817
14:56:34	23,9	37	2146	265	58,9	819
14:56:54	23,8	37	2174	270	60,0	819
14:57:14	23,6	37	2197	273	60,7	816
14:57:34	23,7	37	2220	277	61,6	812
14:57:54	23,8	37	2220	277	61,6	814
14:58:14	23,7	37	2220	277	61,6	813
14:58:34	23,8	37	2197	273	60,7	815
14:58:54	23,7	37	2146	265	58,9	814
14:59:14	23,7	37	2174	270	60,0	812
14:59:34	23,8	37	2112	260	57,8	812
14:59:54	23,6	37	2090	257	57,1	811
15:00:14	23,6	37	2062	253	56,2	810
15:00:34	23,6	37	2025	247	54,9	809
15:00:54	23,6	37	2112	260	57,8	808
15:01:14	23,7	37	2112	260	57,8	804
15:01:34	23,9	37	2025	247	54,9	802
15:01:54	23,8	37	2025	247	54,9	802
15:02:15	23,7	37	2025	247	54,9	804
15:02:35	23,8	37	2062	253	56,2	803
15:02:55	23,9	37	1972	239	53,1	805
15:03:15	23,6	37	1930	233	51,8	810
15:03:35	23,6	37	1972	239	53,1	813
15:03:55	23,9	37	2004	244	54,2	813
15:04:15	23,8	37	2004	244	54,2	812
15:04:35	23,8	37	2025	247	54,9	813
15:04:55	23,6	37	2197	273	60,7	812
15:05:15	23,8	37	2197	273	60,7	815
15:05:35	23,6	37	2197	273	60,7	816
15:05:55	23,9	37	2220	277	61,6	817
15:06:15	23,8	37	2197	273	60,7	817
15:06:35	23,6	37	1930	233	51,8	817
15:06:55	23,6	37	2112	260	57,8	820
15:07:15	23,7	37	2197	273	60,7	818
15:07:35	23,9	37	2197	273	60,7	819
15:07:55	23,6	37	2197	273	60,7	819
15:08:16	23,6	37	2197	273	60,7	815
15:08:36	23,8	37	2197	273	60,7	815
15:08:56	23,6	37	2174	270	60,0	816
15:09:16	23,6	37	2197	273	60,7	814
15:09:36	23,6	36	2174	270	60,0	811
15:09:56	23,6	37	2197	273	60,7	813
15:10:16	23,7	37	2197	273	60,7	814
15:10:36	23,8	37	2174	270	60,0	817
15:10:56	23,7	37	2197	273	60,7	818
15:11:16	23,7	37	2146	265	58,9	822
15:11:36	23,7	37	2112	260	57,8	823
15:11:56	23,7	37	2090	257	57,1	824
15:12:16	23,8	37	2062	253	56,2	826
15:12:36	23,8	37	2025	247	54,9	823
15:12:56	23,7	37	2004	244	54,2	821
15:13:16	23,8	37	1972	239	53,1	820
15:13:36	23,6	37	1972	239	53,1	817
15:13:57	23,7	37	1972	239	53,1	815
15:14:17	23,6	37	1972	239	53,1	818
15:14:37	23,7	37	1972	239	53,1	815
15:14:57	23,6	37	2062	253	56,2	814
15:15:17	23,8	37	2062	253	56,2	814
15:15:37	24,1	37	2025	247	54,9	814
15:15:57	23,9	37	2004	244	54,2	814
15:16:17	23,8	37	1972	239	53,1	816
15:16:37	23,7	37	1972	239	53,1	815
15:16:57	23,6	37	1972	239	53,1	812
15:17:17	23,7	37	1950	236	52,4	811
15:17:37	23,8	37	1894	227	50,4	810
15:17:57	23,8	37	1848	220	48,9	809
15:18:17	23,6	37	1867	223	49,6	809
15:18:37	23,6	37	1867	223	49,6	810
15:18:57	23,8	37	1848	220	48,9	811
15:19:17	23,5	37	1867	223	49,6	812
15:19:38	23,6	37	1782	210	46,7	814
15:19:58	23,6	37	1746	205	45,6	811
15:20:18	23,5	37	1488	165	36,7	814
15:20:38	23,5	37	1746	205	45,6	815
15:20:58	23,7	37	1712	199	44,2	817
15:21:18	23,5	37	1694	197	43,8	819
15:21:38	23,5	37	1694	197	43,8	818
15:21:58	23,6	37	1675	194	43,1	815
15:22:18	23,5	37	1694	197	43,8	817
15:22:38	23,7	37	1675	194	43,1	817
15:22:58	23,6	37	1675	194	43,1	819
15:23:18	23,6	37	1746	205	45,6	816
15:23:38	23,5	37	1694	197	43,8	814
15:23:58	23,4	37	1712	199	44,2	812
15:24:18	23,8	37	1712	199	44,2	814
15:24:38	23,6	37	1694	197	43,8	817
15:24:58	23,6	37	1694	197	43,8	818
15:25:18	23,4	37	1694	197	43,8	816
15:25:39	23,5	37	1653	190	42,2	814
15:25:59	23,4	37	1675	194	43,1	811
15:26:19	23,7	37	1634	187	41,6	810
15:26:39	23,4	37	1634	187	41,6	812
15:26:59	23,6	37	1634	187	41,6	811
15:27:19	23,5	37	1694	197	43,8	808
15:27:39	24	37	1675	194	43,1	810
15:27:59	23,7	36	1634	187	41,6	811
15:28:19	23,4	37	1634	187	41,6	812
15:28:39	23,4	37	1617	185	41,1	816
15:28:59	23,5	37	1675	194	43,1	818
15:29:19	23,6	36	1675	194	43,1	816
15:29:39	23,4	36	1712	199	44,2	817
15:29:59	23,5	36	1712	199	44,2	821
15:30:19	23,6	36	1694	197	43,8	818
15:30:39	23,6	36	1694	197	43,8	815
15:30:59	23,6	36	1694	197	43,8	812
15:31:19	23,5	36	1675	194	43,1	812
15:31:40	23,6	36	1634	187	41,6	811
15:32:00	23,6	36	1653	190	42,2	812
15:32:20	23,5	36	1617	185	41,1	813
15:32:40	23,6	36	1694	197	43,8	815
15:33:00	23,4	36	1694	197	43,8	814
15:33:20	23,7	37	1694	197	43,8	814
15:33:40	23,5	37	1764	207	46,0	812
15:34:00	23,5	36	1764	207	46,0	811
15:34:20	23,4	36	1694	197	43,8	810
15:34:40	23,4	36	1712	199	44,2	815
15:35:00	23,4	36	1712	199	44,2	818
15:35:20	23,6	37	1829	217	48,2	823
15:35:40	23,4	37	1803	213	47,3	825
15:36:00	23,5	37	1675	194	43,1	829
15:36:20	23,4	37	1634	187	41,6	832
15:36:40	23,6	36	1694	197	43,8	835
15:37:00	23,4	36	1764	207	46,0	835
15:37:21	23,5	37	1803	213	47,3	836
15:37:41	23,5	37	1803	213	47,3	839
15:38:01	23,4	36	1848	220	48,9	842
15:38:21	23,4	36	1848	220	48,9	845
15:38:41	23,4	36	1848	220	48,9	845
15:39:01	23,4	36	1848	220	48,9	848
15:39:21	23,5	36	1829	217	48,2	850
15:39:41	23,4	36	1829	217	48,2	848
15:40:01	23,4	36	1829	217	48,2	844
15:40:21	23,7	36	1782	210	46,7	841
15:40:41	23,4	36	1782	210	46,7	840
15:41:01	23,7	36	1634	187	41,6	839
15:41:21	23,6	36	1694	197	43,8	838
15:41:41	23,5	36	1803	213	47,3	839
15:42:01	23,6	36	1764	207	46,0	841
15:42:21	23,4	36	1848	220	48,9	842
15:42:41	23,5	36	1848	220	48,9	846
15:43:02	23,4	36	1803	213	47,3	844
15:43:22	23,5	36	1803	213	47,3	844
15:43:42	23,7	36	1803	213	47,3	841
15:44:02	23,4	36	1829	217	48,2	839
15:44:22	23,5	36	1848	220	48,9	840
15:44:42	23,4	36	1848	220	48,9	845
15:45:02	23,5	36	1848	220	48,9	842
15:45:22	23,4	36	1829	217	48,2	842
15:45:42	23,5	36	1829	217	48,2	846
15:46:02	23,4	36	1803	213	47,3	847
15:46:22	23,4	36	1803	213	47,3	844
15:46:42	23,4	36	1782	210	46,7	841
15:47:02	23,6	36	1782	210	46,7	834
15:47:22	23,7	36	1829	217	48,2	837
15:47:42	23,6	36	1867	223	49,6	837
15:48:02	23,4	36	1867	223	49,6	832
15:48:22	23,4	36	1803	213	47,3	831
15:48:42	23,6	36	1764	207	46,0	832
15:49:03	23,4	36	1848	220	48,9	830
15:49:23	23,4	36	1803	213	47,3	826
15:49:43	23,4	36	1848	220	48,9	827
15:50:03	23,7	37	2004	244	54,2	828
15:50:23	23,6	37	1972	239	53,1	826
15:50:43	23,6	37	2004	244	54,2	823
15:51:03	23,5	36	1930	233	51,8	825
15:51:23	23,5	36	1848	220	48,9	827
15:51:43	24,1	36	1803	213	47,3	822
15:52:03	23,7	36	1904	229	50,9	817
15:52:23	23,7	36	1867	223	49,6	820
15:52:43	23,7	36	1803	213	47,3	818
15:53:03	23,6	36	1712	199	44,2	815
15:53:23	23,7	36	1675	194	43,1	819
15:53:43	23,4	36	1675	194	43,1	821
15:54:03	23,6	36	1694	197	43,8	822
15:54:23	23,4	36	1712	199	44,2	825
15:54:44	23,5	36	1894	227	50,4	824
15:55:04	24	36	1867	223	49,6	817
15:55:24	23,4	36	1894	227	50,4	814
15:55:44	23,6	36	1904	229	50,9	815
15:56:04	23,6	36	1904	229	50,9	816
15:56:24	23,6	36	1894	227	50,4	812
15:56:44	23,5	36	1972	239	53,1	810
15:57:04	23,5	36	2004	244	54,2	813
15:57:24	23,4	36	1950	236	52,4	810
15:57:44	23,5	36	2062	253	56,2	810
15:58:04	23,5	36	1867	223	49,6	812
15:58:24	23,4	36	1867	223	49,6	814
15:58:44	23,6	36	2025	247	54,9	813
15:59:04	23,8	36	2025	247	54,9	812
15:59:24	23,7	36	2004	244	54,2	813
15:59:44	23,5	36	1829	217	48,2	811
16:00:04	24	36	1746	205	45,6	809
16:00:25	23,4	36	1867	223	49,6	805
16:00:45	23,4	36	1867	223	49,6	801
16:01:05	23,5	36	1848	220	48,9	797
16:01:25	23,7	36	1675	194	43,1	793
16:01:45	23,5	36	1580	179	39,8	793
16:02:05	23,4	36	1803	213	47,3	811
16:02:25	23,6	36	1712	199	44,2	842
16:02:45	23,6	36	1694	197	43,8	842
16:03:05	23,6	36	1520	170	37,8	845
16:03:25	23,7	36	1432	157	34,9	844
16:03:45	23,4	36	1746	205	45,6	841
16:04:05	23,6	36	1782	210	46,7	841
16:04:25	23,5	36	1675	194	43,1	840
16:04:45	23,7	36	1634	187	41,6	839
16:05:05	23,4	36	1388	150	33,3	837
16:05:25	23,6	36	1848	220	48,9	836
16:05:45	23,4	36	1930	233	51,8	840
16:06:05	23,6	36	1803	213	47,3	837
16:06:26	23,7	36	1829	217	48,2	836
16:06:46	23,7	36	1028	95	21,1	836
16:07:06	23,5	36	1829	217	48,2	837
16:07:26	23,8	36	1904	229	50,9	837
16:07:46	23,7	35	1782	210	46,7	840
16:08:06	23,7	36	1712	199	44,2	840
16:08:26	23,6	36	1972	239	53,1	840
16:08:46	23,5	35	1972	239	53,1	840
16:09:06	23,9	35	2004	244	54,2	838
16:09:26	23,5	36	1803	213	47,3	839
16:09:46	23,5	36	1712	199	44,2	837
16:10:06	23,8	36	1930	233	51,8	836
16:10:26	23,6	36	1904	229	50,9	836
16:10:46	23,7	36	1764	207	46,0	837
16:11:06	23,8	36	1764	207	46,0	840
16:11:26	23,5	36	1520	170	37,8	839
16:11:46	23,4	36	1904	229	50,9	840
16:12:07	23,5	36	1930	233	51,8	840
16:12:27	23,6	36	1848	220	48,9	837
16:12:47	23,5	36	1803	213	47,3	835
16:13:07	23,8	36	1188	120	26,7	838
16:13:27	23,5	35	1950	236	52,4	843
16:13:47	23,7	36	1950	236	52,4	844
16:14:07	23,5	36	1829	217	48,2	844
16:14:27	23,7	36	1782	210	46,7	843
16:14:47	23,6	36	1972	239	53,1	844
16:15:07	23,7	35	1930	233	51,8	849
16:15:27	23,4	35	1904	229	50,9	852
16:15:47	23,8	36	1600	182	40,4	851
16:16:07	23,5	35	1712	199	44,2	849
16:16:27	23,6	36	1894	227	50,4	847
16:16:47	23,8	35	1848	220	48,9	845
16:17:07	23,5	35	1848	220	48,9	841
16:17:27	23,6	35	1829	217	48,2	842
16:17:47	23,6	35	1520	170	37,8	839
16:18:08	23,5	35	1829	217	48,2	845
16:18:28	23,4	36	1904	229	50,9	847
16:18:48	23,6	35	1904	229	50,9	844
16:19:08	23,7	35	1867	223	49,6	841
16:19:28	23,5	35	1300	137	30,4	835
16:19:48	24	35	1829	217	48,2	836
16:20:08	23,4	35	1764	207	46,0	840
16:20:28	23,4	35	1764	207	46,0	842
16:20:48	23,4	35	1829	217	48,2	838
16:21:08	23,5	35	908	77	17,1	836
16:21:28	23,5	35	1803	213	47,3	838
16:21:48	23,5	35	1803	213	47,3	840
16:22:08	23,4	35	1867	223	49,6	839
16:22:28	23,4	35	1829	217	48,2	837
16:22:48	23,4	35	1904	229	50,9	835
16:23:08	23,3	35	1950	236	52,4	838
16:23:28	23,4	35	1950	236	52,4	838
16:23:49	23,4	35	1904	229	50,9	834
16:24:09	23,5	35	1950	236	52,4	836
16:24:29	23,3	35	1764	207	46,0	837
16:24:49	23,4	35	1894	227	50,4	836
16:25:09	23,5	35	1894	227	50,4	836
16:25:29	23,7	35	1950	236	52,4	838
16:25:49	23,4	35	1904	229	50,9	837
16:26:09	23,6	35	1950	236	52,4	835
16:26:29	23,4	35	1904	229	50,9	834
16:26:49	23,7	35	2025	247	54,9	831
16:27:09	23,6	35	2004	244	54,2	829
16:27:29	23,3	35	1972	239	53,1	827
16:27:49	23,6	35	1950	236	52,4	826
16:28:09	23,4	35	1950	236	52,4	825
16:28:29	23,4	35	1972	239	53,1	822
16:28:49	23,4	35	2062	253	56,2	820
16:29:09	23,3	35	2062	253	56,2	818
16:29:29	23,4	35	2004	244	54,2	813
16:29:50	23,7	35	2004	244	54,2	808
16:30:10	23,5	35	1950	236	52,4	806
16:30:30	23,5	35	1972	239	53,1	804
16:30:50	23,4	35	1972	239	53,1	808
16:31:10	23,4	35	1950	236	52,4	808
16:31:30	23,6	35	1972	239	53,1	803
16:31:50	23,4	35	1904	229	50,9	799
16:32:10	23,6	35	1867	223	49,6	800
16:32:30	23,5	35	1848	220	48,9	802
16:32:50	23,4	35	1904	229	50,9	802
16:33:10	23,4	35	1894	227	50,4	800
16:33:30	23,6	35	1930	233	51,8	800
16:33:50	23,4	35	1950	236	52,4	799
16:34:10	23,7	35	1950	236	52,4	798
16:34:30	23	35	1950	236	52,4	801
16:34:50	23,6	35	1950	236	52,4	801
16:35:10	23,4	35	1904	229	50,9	800
16:35:31	23,6	35	1930	233	51,8	798
16:35:51	23,7	35	1904	229	50,9	798
16:36:11	23,3	35	1930	233	51,8	799
16:36:31	23,3	35	1930	233	51,8	800
16:36:51	23,4	35	1894	227	50,4	801
16:37:11	23,5	35	1867	223	49,6	799
16:37:31	23,6	35	1950	236	52,4	802
16:37:51	23,3	35	1867	223	49,6	804
16:38:11	23,6	35	1894	227	50,4	802
16:38:31	23,4	35	1904	229	50,9	799
16:38:51	23,6	35	1829	217	48,2	800
16:39:11	23,4	35	1782	210	46,7	802
16:39:31	23,3	35	1764	207	46,0	804
16:39:51	23,3	35	1782	210	46,7	807
16:40:11	23,6	35	1634	187	41,6	804
16:40:31	23,3	35	1746	205	45,6	801
16:40:51	23,6	35	1803	213	47,3	802
16:41:12	22,9	35	1848	220	48,9	803
16:41:32	23,4	35	1848	220	48,9	801
16:41:52	23,6	35	1829	217	48,2	797
16:42:12	23,3	35	1782	210	46,7	795
16:42:32	23,9	35	1782	210	46,7	795
16:42:52	23	35	1764	207	46,0	800
16:43:12	23,3	35	1829	217	48,2	800
16:43:32	23,3	35	2025	247	54,9	795
16:43:52	23,5	35	2112	260	57,8	794
16:44:12	23,5	35	2062	253	56,2	797
16:44:32	22,9	35	2090	257	57,1	800
16:44:52	22,9	35	2025	247	54,9	802
16:45:12	23,1	35	2004	244	54,2	804
16:45:32	22,9	35	2004	244	54,2	806
16:45:52	23,2	35	2004	244	54,2	807
16:46:12	23,3	35	1972	239	53,1	807
16:46:32	23,2	35	1930	233	51,8	807
16:46:52	23,2	35	1894	227	50,4	800
16:47:13	23,6	35	1803	213	47,3	802
16:47:33	23,3	35	1782	210	46,7	799
16:47:53	23,3	35	1764	207	46,0	795
16:48:13	23,3	35	1712	199	44,2	797
16:48:33	23,5	35	1712	199	44,2	797
16:48:53	23,5	35	1746	205	45,6	797
16:49:13	22,9	35	1694	197	43,8	796
16:49:33	22,9	35	1782	210	46,7	795
16:49:53	23,3	35	1803	213	47,3	798
16:50:13	23,3	35	1867	223	49,6	802
16:50:33	23,5	35	1867	223	49,6	802
16:50:53	23,5	35	1867	223	49,6	802
16:51:13	23,5	35	1867	223	49,6	800
16:51:33	23,4	35	1867	223	49,6	801
16:51:53	23,4	35	1867	223	49,6	803
16:52:13	23,3	35	1867	223	49,6	797
16:52:33	23,5	35	1867	223	49,6	793
16:52:54	23,3	35	1867	223	49,6	793
16:53:14	23,5	35	1803	213	47,3	793
16:53:34	23,2	35	1782	210	46,7	792
16:53:54	23,4	35	1803	213	47,3	794
16:54:14	23,4	35	1782	210	46,7	796
16:54:34	23,2	35	1764	207	46,0	797
16:54:54	23,3	35	1712	199	44,2	796
16:55:14	23,3	35	1746	205	45,6	796
16:55:34	23,2	35	1764	207	46,0	795
16:55:54	23,5	35	1867	223	49,6	795
16:56:14	23,2	35	1867	223	49,6	797
16:56:34	23,4	35	1867	223	49,6	799
16:56:54	23,5	35	1894	227	50,4	798
16:57:14	23,3	35	1930	233	51,8	797
16:57:34	23,4	35	1972	239	53,1	794
16:57:54	23,2	35	1904	229	50,9	793
16:58:14	23,3	35	1904	229	50,9	787
16:58:35	23,2	35	2062	253	56,2	783
16:58:55	23,3	35	2174	270	60,0	783
16:59:15	23,4	35	2146	265	58,9	782
16:59:35	23,2	35	2090	257	57,1	782
16:59:55	23,3	35	2025	247	54,9	785
17:00:15	23,3	35	2090	257	57,1	785
17:00:35	23,5	35	2174	270	60,0	788
17:00:55	23,4	35	2253	282	62,7	786
17:01:15	23,4	34	2062	253	56,2	784
17:01:35	23,2	35	2062	253	56,2	781
17:01:55	23,3	35	1930	233	51,8	778
17:02:15	23,4	35	2197	273	60,7	775
17:02:35	23,2	35	2311	291	64,7	767
17:02:55	22,7	35	2287	287	63,8	764
17:03:15	23	35	2340	295	65,6	764
17:03:35	22,4	35	2253	282	62,7	763
17:03:55	22,4	35	2174	270	60,0	759
17:04:15	22,8	35	2287	287	63,8	759
17:04:36	23,1	35	2090	257	57,1	763
17:04:56	23,2	35	2340	295	65,6	760
17:05:16	21,9	34	2287	287	63,8	759
17:05:36	22,1	35	2404	305	67,8	757
17:05:56	21,5	34	2430	309	68,7	758
17:06:16	22,4	35	2608	336	74,7	758
17:06:36	21,8	34	2568	330	73,3	759
17:06:56	21,7	34	2504	320	71,1	759
17:07:16	21,6	34	2430	309	68,7	760
17:07:36	21,9	34	2404	305	67,8	757
17:07:56	21,6	34	2478	316	70,2	757
17:08:16	21,6	34	2674	346	76,9	756
17:08:36	21,7	34	2504	320	71,1	755
17:08:56	21,8	34	2340	295	65,6	754
17:09:16	21,6	34	2430	309	68,7	753
17:09:36	21,7	34	2287	287	63,8	749
17:09:56	21,7	34	2253	282	62,7	746
17:10:17	21,6	34	2112	260	57,8	746
17:10:37	21,9	34	2004	244	54,2	746
17:10:57	22,1	35	1972	239	53,1	745
17:11:17	21,4	34	2062	253	56,2	745
17:11:37	21,4	34	2174	270	60,0	743
17:11:57	22,4	35	2220	277	61,6	743
17:12:17	21,5	34	2253	282	62,7	740
17:12:37	21,5	34	2311	291	64,7	737
17:12:57	21,7	34	2311	291	64,7	737
17:13:17	21,6	34	2311	291	64,7	736
17:13:37	21,7	34	2340	295	65,6	736
17:13:57	21,7	34	2311	291	64,7	736
17:14:17	21,7	34	2311	291	64,7	736
17:14:37	21,6	34	2340	295	65,6	735
17:14:57	21,6	34	2340	295	65,6	733
17:15:17	21,7	34	2174	270	60,0	735
17:15:37	21,8	34	2340	295	65,6	735
17:15:57	21,8	34	2311	291	64,7	732
17:16:18	21,9	34	2311	291	64,7	730
17:16:38	21,8	34	2311	291	64,7	727
17:16:58	21,9	35	2340	295	65,6	724
17:17:18	21,7	34	2404	305	67,8	723
17:17:38	21,8	34	2478	316	70,2	722
17:17:58	21,9	34	2478	316	70,2	724
17:18:18	22,6	35	2504	320	71,1	728
17:18:38	22,6	36	2504	320	71,1	728
17:18:58	22,9	36	2504	320	71,1	727
17:19:18	22,7	36	2478	316	70,2	722
17:19:38	22,8	36	2430	309	68,7	721
17:19:58	22,8	36	2404	305	67,8	716
17:20:18	22,8	36	2378	301	66,9	714
17:20:38	22,7	35	2404	305	67,8	715
17:20:58	22,9	35	2430	309	68,7	717
17:21:18	22,9	36	2404	305	67,8	716
17:21:38	22,9	35	2478	316	70,2	717
17:21:59	22,9	36	2568	330	73,3	720
17:22:19	22,9	36	2430	309	68,7	719
17:22:39	22,9	35	2709	351	78,0	716
17:22:59	22,8	36	2709	351	78,0	717
17:23:19	22,8	36	2643	341	75,8	716
17:23:39	22,7	36	2608	336	74,7	715
17:23:59	22,7	35	2608	336	74,7	711
17:24:19	22,7	35	2608	336	74,7	710
17:24:39	22,7	36	2608	336	74,7	713
17:24:59	22,8	36	2608	336	74,7	716
17:25:19	22,9	36	2568	330	73,3	718
17:25:39	22,7	36	2568	330	73,3	718
17:25:59	23	36	2568	330	73,3	715
17:26:19	22,9	36	2568	330	73,3	717
17:26:39	22,7	36	2608	336	74,7	717
17:26:59	22,7	36	2568	330	73,3	712
17:27:19	22,7	36	2608	336	74,7	712
17:27:40	23	36	2608	336	74,7	711
17:28:00	23	36	2643	341	75,8	709
17:28:20	22,9	36	2643	341	75,8	706
17:28:40	22,8	36	2608	336	74,7	705
17:29:00	23	36	2674	346	76,9	707
17:29:20	22,9	36	2709	351	78,0	703
17:29:40	22,8	36	2754	358	79,6	699
17:30:00	22,9	36	2754	358	79,6	699
17:30:20	22,9	36	2785	363	80,7	703
17:30:40	22,9	36	2785	363	80,7	707
17:31:00	22,9	36	2754	358	79,6	709
17:31:20	22,9	36	2785	363	80,7	709
17:31:40	22,7	36	2785	363	80,7	708
17:32:00	22,8	36	2785	363	80,7	704
17:32:20	22,8	36	2785	363	80,7	703
17:32:40	23	36	2754	358	79,6	705
17:33:00	22,8	36	2754	358	79,6	710
17:33:20	23	36	2785	363	80,7	714
17:33:41	23	36	2785	363	80,7	716
17:34:01	22,9	36	2754	358	79,6	717
17:34:21	22,9	36	2785	363	80,7	718
17:34:41	22,9	36	2754	358	79,6	718
17:35:01	22,7	36	2785	363	80,7	720
17:35:21	22,9	36	2754	358	79,6	718
17:35:41	22,7	36	2754	358	79,6	715
17:36:01	22,8	36	2754	358	79,6	715
17:36:21	22,7	36	2754	358	79,6	714
17:36:41	22,9	36	2754	358	79,6	711
17:37:01	22,9	36	2709	351	78,0	707
17:37:21	22,9	36	2643	341	75,8	704
17:37:41	22,9	36	2608	336	74,7	703
17:38:01	22,8	36	2608	336	74,7	701
17:38:21	22,9	36	2608	336	74,7	697
17:38:41	22,9	36	2643	341	75,8	696
17:39:01	22,9	36	2608	336	74,7	691
17:39:22	22,7	36	2643	341	75,8	685
17:39:42	22,7	36	2643	341	75,8	680
17:40:02	22,8	36	2643	341	75,8	679
17:40:22	22,8	36	2608	336	74,7	681
17:40:42	22,9	36	2643	341	75,8	684
17:41:02	22,9	36	2674	346	76,9	685
17:41:22	22,9	36	2674	346	76,9	684
17:41:42	22,8	36	2504	320	71,1	687
17:42:02	22,9	36	2754	358	79,6	688
17:42:22	22,7	36	2754	358	79,6	687
17:42:42	22,8	36	2754	358	79,6	685
17:43:02	22,9	36	2643	341	75,8	686
17:43:22	22,8	36	2504	320	71,1	684
17:43:42	22,7	36	2754	358	79,6	687
17:44:02	22,7	36	2709	351	78,0	688
17:44:22	22,9	36	2674	346	76,9	691
17:44:42	22,7	36	2478	316	70,2	694
17:45:02	22,8	36	2504	320	71,1	690
17:45:23	22,7	37	2785	363	80,7	690
17:45:43	22,7	37	2785	363	80,7	692
17:46:03	22,7	36	2860	374	83,1	693
17:46:23	22,8	36	2608	336	74,7	694
17:46:43	22,7	36	2643	341	75,8	692
17:47:03	22,9	36	2913	382	84,9	694
17:47:23	22,9	36	2960	390	86,7	699
17:47:43	22,7	36	2960	390	86,7	700
17:48:03	22,8	36	2709	351	78,0	705
17:48:23	22,9	36	2674	346	76,9	706
17:48:43	22,7	37	1600	182	40,4	706
17:49:03	22,8	37	3042	402	89,3	708
17:49:23	22,7	36	2991	394	87,6	715
17:49:43	23	36	2754	358	79,6	719
17:50:03	22,6	36	2709	351	78,0	720
17:50:23	22,8	36	3042	402	89,3	723
17:50:43	22,7	36	3042	402	89,3	728
17:51:04	22,9	36	3083	408	90,7	731
17:51:24	22,9	36	2785	363	80,7	735
17:51:44	22,8	36	2709	351	78,0	737
17:52:04	22,7	36	3042	402	89,3	741
17:52:24	22,7	36	3083	408	90,7	747
17:52:44	23	36	3122	414	92,0	748
17:53:04	22,8	36	2913	382	84,9	750
17:53:24	22,8	36	2785	363	80,7	752
17:53:44	22,8	36	3122	414	92,0	752
17:54:04	22,7	36	3158	420	93,3	748
17:54:24	22,8	36	3083	408	90,7	748
17:54:44	23	36	2860	374	83,1	748
17:55:04	24,4	36	2643	341	75,8	750
17:55:24	24,6	37	3221	429	95,3	751
17:55:44	24,4	37	3255	434	96,4	753
17:56:04	24,4	37	2960	390	86,7	755
17:56:24	24,6	36	2913	382	84,9	762
17:56:45	24,1	37	2253	282	62,7	764
17:57:05	24,6	37	3255	434	96,4	765
17:57:25	24,7	37	3255	434	96,4	769
17:57:45	24,8	37	2991	394	87,6	769
17:58:05	24,7	37	2991	394	87,6	774
17:58:25	24,6	36	1580	179	39,8	778
17:58:45	24,8	36	3221	429	95,3	778
17:59:05	24,7	36	3255	434	96,4	782
17:59:25	24,6	36	2991	394	87,6	780
17:59:45	24,7	36	2960	390	86,7	778
18:00:05	24,7	36	3299	441	98,0	779
18:00:25	24,9	36	3255	434	96,4	780
18:00:45	24,7	36	3255	434	96,4	779
18:01:05	24,6	36	3042	402	89,3	778
18:01:25	24,7	36	2860	374	83,1	780
18:01:45	24,8	37	3397	456	101,3	783
18:02:05	24,7	37	3397	456	101,3	786
18:02:25	24,9	37	3485	469	104,2	789
18:02:46	24,6	37	2991	394	87,6	793
18:03:06	24,6	37	2709	351	78,0	792
18:03:26	24,6	37	3670	498	110,7	795
18:03:46	24,3	37	3670	498	110,7	796
18:04:06	24,7	37	3670	498	110,7	799
18:04:26	24,6	37	3709	504	112,0	803
18:04:46	24,8	37	1829	217	48,2	806
18:05:06	24,7	37	3709	504	112,0	809
18:05:26	24,6	37	3709	504	112,0	813
18:05:46	24,7	37	3709	504	112,0	820
18:06:06	24,6	37	3709	504	112,0	824
18:06:26	24,8	37	3762	512	113,8	826
18:06:46	24,6	38	3762	512	113,8	824
18:07:06	24,7	38	3762	512	113,8	828
18:07:26	24,9	38	3762	512	113,8	830
18:07:46	24,7	38	3709	504	112,0	836
18:08:06	24,6	39	3709	504	112,0	837
18:08:27	24,9	40	3552	480	106,7	836
18:08:47	24,6	42	3334	446	99,1	833
18:09:07	24,7	44	3221	429	95,3	835
18:09:27	24,8	45	3221	429	95,3	836
18:09:47	24,9	46	3255	434	96,4	830
18:10:07	24,7	45	3299	441	98,0	824
18:10:27	24,9	45	3397	456	101,3	818
18:10:47	24,6	44	3397	456	101,3	818
18:11:07	24,7	43	3334	446	99,1	817
18:11:27	24,8	45	3255	434	96,4	815
18:11:47	24,7	46	3221	429	95,3	816
18:12:07	24,8	47	3221	429	95,3	814
18:12:27	24,8	47	3255	434	96,4	809
18:12:47	24,7	46	3221	429	95,3	805
18:13:07	24,9	46	3221	429	95,3	800
18:13:27	24,6	46	3221	429	95,3	797
18:13:47	25	47	3221	429	95,3	798
18:14:07	24,6	48	3446	464	103,1	789
18:14:28	24,9	48	3552	480	106,7	780
18:14:48	24,8	48	3552	480	106,7	776
18:15:08	24,6	48	3552	480	106,7	772
18:15:28	24,6	48	3552	480	106,7	769
18:15:48	24,7	47	3552	480	106,7	763
18:16:08	24,8	47	3397	456	101,3	761
18:16:28	24,9	48	3446	464	103,1	757
18:16:48	24,7	48	3485	469	104,2	751
18:17:08	24,7	48	3552	480	106,7	751
18:17:28	24,7	48	3552	480	106,7	751
18:17:48	24,7	48	3552	480	106,7	753
18:18:08	24,7	48	3552	480	106,7	752
18:18:28	24,7	48	3601	487	108,2	743
18:18:48	24,9	48	3670	498	110,7	731
18:19:08	24,8	48	3670	498	110,7	735
18:19:28	24,7	48	3670	498	110,7	737
18:19:48	24,7	48	3670	498	110,7	738
18:20:09	24,9	48	3601	487	108,2	740
18:20:29	24,9	48	3670	498	110,7	745
18:20:49	24,9	48	3709	504	112,0	745
18:21:09	24,8	48	3670	498	110,7	746
18:21:29	24,9	47	3709	504	112,0	747
18:21:49	24,7	47	3762	512	113,8	748
18:22:09	24,9	47	3824	521	115,8	745
18:22:29	25	47	3875	529	117,6	747
18:22:49	24,8	47	3762	512	113,8	750
18:23:09	24,7	47	3670	498	110,7	750
18:23:29	24,7	47	3670	498	110,7	747
