data	id	temperatura	umidade	eCO2	TVOC	TVOC mg	CO2
7/2/2019 10:30	5516	24,6	63	4011	550	122,2	902
7/2/2019 10:31	5517	24,7	62	4278	590	131,1	905
7/2/2019 10:32	5518	24,6	62	4226	582	129,3	907
7/2/2019 10:33	5519	24,8	62	3525	476	105,8	899
7/2/2019 10:34	5520	24,5	62	4226	582	129,3	896
7/2/2019 10:35	5521	24,8	62	3563	481	106,9	893
7/2/2019 10:36	5522	24,6	62	3979	545	121,1	896
7/2/2019 10:37	5523	24,6	62	3791	516	114,7	894
7/2/2019 10:38	5524	24,7	62	4178	575	127,8	890
7/2/2019 10:39	5525	24,8	62	4178	575	127,8	893
7/2/2019 10:40	5526	24,7	62	4178	575	127,8	892
7/2/2019 10:41	5527	24,8	62	4056	556	123,6	890
7/2/2019 10:42	5528	24,8	62	3663	497	110,4	888
7/2/2019 10:43	5529	24,8	62	4122	567	126,0	893
7/2/2019 10:44	5530	24,6	62	4122	567	126,0	902
7/2/2019 10:45	5531	24,7	62	4056	556	123,6	902
7/2/2019 10:46	5532	24,6	62	4011	550	122,2	895
7/2/2019 10:47	5533	24,9	62	4122	567	126,0	886
7/2/2019 10:48	5534	24,7	62	4178	575	127,8	886
7/2/2019 10:49	5535	24,8	62	3485	469	104,2	889
7/2/2019 10:50	5536	24,7	62	4178	575	127,8	891
7/2/2019 10:51	5537	24,7	62	4056	556	123,6	881
7/2/2019 10:52	5538	24,9	62	3268	436	96,9	890
7/2/2019 10:53	5539	24,9	62	4122	567	126,0	887
7/2/2019 10:54	5540	24,7	62	4056	556	123,6	891
7/2/2019 10:55	5541	24,6	62	4056	556	123,6	894
7/2/2019 10:56	5542	24,6	62	4122	567	126,0	888
7/2/2019 10:57	5543	24,7	62	4056	556	123,6	888
7/2/2019 10:58	5544	24,7	62	4056	556	123,6	884
7/2/2019 10:59	5545	24,8	62	4122	567	126,0	876
7/2/2019 11:00	5546	24,8	62	4122	567	126,0	884
7/2/2019 11:01	5547	24,6	62	4122	567	126,0	881
7/2/2019 11:02	5548	24,8	62	4178	575	127,8	894
7/2/2019 11:03	5549	24,7	62	4056	556	123,6	890
7/2/2019 11:04	5550	24,7	62	3923	536	119,1	892
7/2/2019 11:05	5551	24,7	62	4178	575	127,8	893
7/2/2019 11:06	5552	24,6	62	4178	575	127,8	887
7/2/2019 11:07	5553	24,8	62	4178	575	127,8	886
7/2/2019 11:08	5554	24,7	62	4178	575	127,8	881
7/2/2019 11:09	5555	24,8	62	3979	545	121,1	885
7/2/2019 11:10	5556	24,8	62	4178	575	127,8	887
7/2/2019 11:11	5557	24,6	62	4122	567	126,0	884
7/2/2019 11:12	5558	24,9	62	3563	481	106,9	890
7/2/2019 11:13	5559	24,7	62	4178	575	127,8	886
7/2/2019 11:14	5560	24,6	62	3835	523	116,2	897
7/2/2019 11:15	5561	24,7	63	4122	567	126,0	893
7/2/2019 11:16	5562	24,8	63	4122	567	126,0	891
7/2/2019 11:17	5563	24,7	63	4056	556	123,6	889
7/2/2019 11:18	5564	24,7	63	3525	476	105,8	891
7/2/2019 11:19	5565	24,5	63	4122	567	126,0	886
7/2/2019 11:20	5566	24,6	63	2710	351	78,0	883
7/2/2019 11:21	5567	24,5	63	3618	490	108,9	886
7/2/2019 11:22	5568	24,8	63	4011	550	122,2	881
7/2/2019 11:23	5569	24,5	63	2466	314	69,8	879
7/2/2019 11:24	5570	24,6	63	4122	567	126,0	882
7/2/2019 11:25	5571	24,8	63	4122	567	126,0	883
7/2/2019 11:26	5572	24,8	63	4122	567	126,0	884
7/2/2019 11:27	5573	24,5	63	4122	567	126,0	882
7/2/2019 11:28	5574	24,8	63	4122	567	126,0	885
7/2/2019 11:29	5575	24,6	63	4122	567	126,0	889
7/2/2019 11:30	5576	24,8	63	4056	556	123,6	882
7/2/2019 11:31	5577	24,5	63	4056	556	123,6	880
7/2/2019 11:32	5578	24,5	64	3923	536	119,1	885
7/2/2019 11:33	5579	24,6	63	3563	481	106,9	884
7/2/2019 11:34	5580	24,7	63	4648	647	143,8	872
7/2/2019 11:35	5581	24,5	63	4648	647	143,8	872
7/2/2019 11:36	5582	24,6	63	4648	647	143,8	875
7/2/2019 11:37	5583	24,7	63	4702	655	145,6	868
7/2/2019 11:38	5584	24,7	63	4385	607	134,9	864
7/2/2019 11:39	5585	24,7	63	4335	599	133,1	870
7/2/2019 11:40	5586	24,5	63	4648	647	143,8	875
7/2/2019 11:41	5587	24,7	63	4702	655	145,6	867
7/2/2019 11:42	5588	24,5	63	4648	647	143,8	871
7/2/2019 11:43	5589	24,5	63	4595	639	142,0	875
7/2/2019 11:44	5590	24,7	63	4595	639	142,0	879
7/2/2019 11:45	5591	24,7	63	4595	639	142,0	873
7/2/2019 11:46	5592	24,6	63	4595	639	142,0	874
7/2/2019 11:47	5593	24,3	63	4556	633	140,7	869
7/2/2019 11:48	5594	24,6	63	4648	647	143,8	872
7/2/2019 11:49	5595	24,6	63	3802	518	115,1	874
7/2/2019 11:50	5596	24,8	63	4556	633	140,7	869
7/2/2019 11:51	5597	24,5	63	4702	655	145,6	868
7/2/2019 11:52	5598	24,5	63	3913	535	118,9	869
7/2/2019 11:53	5599	24,6	63	4072	559	124,2	865
7/2/2019 11:54	5600	24,8	63	1168	117	26,0	861
7/2/2019 11:55	5601	24,5	63	4556	633	140,7	856
7/2/2019 11:56	5602	24,7	63	4556	633	140,7	858
7/2/2019 11:57	5603	24,6	63	4595	639	142,0	851
7/2/2019 11:58	5604	24,7	63	4556	633	140,7	857
7/2/2019 11:59	5605	24,7	63	4226	582	129,3	857
7/2/2019 12:00	5606	24,2	62	4026	552	122,7	852
7/2/2019 12:01	5607	24,8	63	4435	614	136,4	857
7/2/2019 12:02	5608	24,7	62	4226	582	129,3	855
7/2/2019 12:03	5609	24,7	62	4072	559	124,2	853
7/2/2019 12:04	5610	24,7	62	4186	576	128,0	847
7/2/2019 12:05	5611	24,8	62	4226	582	129,3	843
7/2/2019 12:06	5612	24,6	62	4186	576	128,0	842
7/2/2019 12:07	5613	24,7	62	4278	590	131,1	847
7/2/2019 12:08	5614	24,6	62	4278	590	131,1	848
7/2/2019 12:09	5615	24,6	62	4278	590	131,1	842
7/2/2019 12:10	5616	24,9	62	4226	582	129,3	844
7/2/2019 12:11	5617	24,6	62	4278	590	131,1	849
7/2/2019 12:12	5618	24,7	62	4278	590	131,1	850
7/2/2019 12:13	5619	24,6	62	4226	582	129,3	849
7/2/2019 12:14	5620	24,5	62	3824	521	115,8	852
7/2/2019 12:15	5621	24,7	62	4146	570	126,7	846
7/2/2019 12:16	5622	24,6	62	4186	576	128,0	838
7/2/2019 12:17	5623	24,7	62	4146	570	126,7	836
7/2/2019 12:18	5624	24,7	62	3563	481	106,9	784
7/2/2019 12:19	5625	24,6	62	4186	576	128,0	790
7/2/2019 12:20	5626	24,7	62	2725	354	78,7	783
7/2/2019 12:21	5627	24,6	62	2024	247	54,9	780
7/2/2019 12:22	5628	24,7	62	3979	545	121,1	771
7/2/2019 12:23	5629	24,6	62	2078	255	56,7	769
7/2/2019 12:24	5630	24,4	62	3249	434	96,4	775
7/2/2019 12:25	5631	23,7	62	3065	405	90,0	775
7/2/2019 12:26	5632	23,7	62	2158	267	59,3	772
7/2/2019 12:27	5633	23,5	61	2801	365	81,1	769
7/2/2019 12:28	5634	23,7	62	3791	516	114,7	770
7/2/2019 12:29	5635	23,8	61	3702	503	111,8	765
7/2/2019 12:30	5636	23,7	61	4226	582	129,3	761
7/2/2019 12:31	5637	23,9	61	4771	665	147,8	763
7/2/2019 12:32	5638	24,1	61	4582	637	141,6	766
7/2/2019 12:33	5639	24,3	62	4178	575	127,8	769
7/2/2019 12:34	5640	24,1	62	3495	471	104,7	769
7/2/2019 12:35	5641	24,3	62	3913	535	118,9	760
7/2/2019 12:36	5642	24,3	63	3755	511	113,6	769
7/2/2019 12:37	5643	23,8	64	3563	481	106,9	767
7/2/2019 12:38	5644	24,7	65	3456	465	103,3	767
7/2/2019 12:39	5645	24,6	65	3632	492	109,3	764
7/2/2019 12:40	5646	24,6	65	3673	498	110,7	766
7/2/2019 12:41	5647	24,6	66	3755	511	113,6	763
7/2/2019 12:42	5648	24,5	65	3913	535	118,9	774
7/2/2019 12:43	5649	24,7	66	3934	538	119,6	790
7/2/2019 12:44	5650	24,7	66	4026	552	122,7	806
7/2/2019 12:45	5651	24,6	66	4134	568	126,2	818
7/2/2019 12:46	5652	24,6	66	4278	590	131,1	821
7/2/2019 12:47	5653	24,7	66	4373	605	134,4	832
7/2/2019 12:48	5654	24,8	66	4505	625	138,9	841
7/2/2019 12:49	5655	24,6	66	3934	538	119,6	851
7/2/2019 12:50	5656	24,5	66	4716	657	146,0	859
7/2/2019 12:51	5657	24,6	66	1349	144	32,0	864
7/2/2019 12:52	5658	24,5	67	3734	507	112,7	897
7/2/2019 12:53	5659	24,5	66	4530	629	139,8	894
7/2/2019 12:54	5660	24,5	68	4826	674	149,8	900
7/2/2019 12:55	5661	24,5	68	5001	700	155,6	913
7/2/2019 12:56	5662	23,3	68	4959	694	154,2	911
7/2/2019 12:57	5663	23,8	68	4959	694	154,2	912
7/2/2019 12:58	5664	24	67	5247	738	164,0	922
7/2/2019 12:59	5665	24,4	67	5312	748	166,2	916
7/2/2019 13:00	5666	24,4	67	5312	748	166,2	927
7/2/2019 13:01	5667	24,8	67	5312	748	166,2	928
7/2/2019 13:02	5668	24,3	67	5646	799	177,6	928
7/2/2019 13:03	5669	24	67	5566	787	174,9	925
7/2/2019 13:04	5670	24,7	67	5566	787	174,9	927
7/2/2019 13:05	5671	24,7	67	5499	776	172,4	930
7/2/2019 13:06	5672	21,8	65	6027	857	190,4	937
7/2/2019 13:07	5673	21,8	68	6183	881	195,8	940
7/2/2019 13:08	5674	21,9	68	6183	881	195,8	941
7/2/2019 13:09	5675	21,8	68	5860	831	184,7	938
7/2/2019 13:10	5676	24,4	68	6255	891	198,0	945
7/2/2019 13:11	5677	24,6	68	6399	913	202,9	949
7/2/2019 13:12	5678	24,1	68	6498	928	206,2	950
7/2/2019 13:13	5679	24,6	68	6332	903	200,7	958
7/2/2019 13:14	5680	24,5	67	6099	868	192,9	957
7/2/2019 13:15	5681	24,5	67	6784	972	216,0	954
7/2/2019 13:16	5682	24,3	67	6648	951	211,3	961
7/2/2019 13:17	5683	24,6	67	5393	760	168,9	966
7/2/2019 13:18	5684	23,2	66	6183	881	195,8	954
7/2/2019 13:19	5685	22	66	5499	776	172,4	958
7/2/2019 13:20	5686	22,6	68	6862	984	218,7	961
7/2/2019 13:21	5687	22,4	69	1569	178	39,6	964
7/2/2019 13:22	5688	22,2	69	5566	787	174,9	967
7/2/2019 13:23	5689	22,5	69	6498	928	206,2	965
7/2/2019 13:24	5690	21,9	67	2353	297	66,0	961
7/2/2019 13:26	5692	24,4	67	6183	881	195,8	970
7/2/2019 13:27	5693	24,4	66	6498	928	206,2	974
7/2/2019 13:29	5695	23,8	66	6862	984	218,7	987
7/2/2019 13:30	5696	24,4	66	6574	940	208,9	987
7/2/2019 13:31	5697	21,8	65	6862	984	218,7	983
7/2/2019 13:35	5701	21,8	67	6951	998	221,8	975
7/2/2019 13:36	5702	24,5	68	6862	984	218,7	977
7/2/2019 13:37	5703	24,5	67	6183	881	195,8	977
7/2/2019 13:38	5704	24,6	67	6099	868	192,9	982
7/2/2019 13:39	5705	24,1	69	6399	913	202,9	986
7/2/2019 13:40	5706	23,9	66	6498	928	206,2	985
7/2/2019 15:50	5740	24	75	970	86	19,1	1569
7/2/2019 15:51	5741	23,5	81	1131	111	24,7	1568
7/2/2019 15:52	5742	24,1	81	1105	107	23,8	1580
7/2/2019 15:53	5743	23,6	80	1191	120	26,7	1586
7/2/2019 15:54	5744	23,4	80	1204	122	27,1	1589
7/2/2019 15:55	5745	23,5	79	1050	122	27,1	1594
7/2/2019 15:56	5746	23,4	80	1224	125	27,8	1591
7/2/2019 15:57	5747	23,4	79	1393	151	33,6	1584
7/2/2019 15:58	5748	23,4	79	3149	418	92,9	1578
7/2/2019 15:59	5749	23,6	80	3249	434	96,4	1583
7/2/2019 16:00	5750	23,5	81	2704	351	78,0	1594
7/2/2019 16:01	5751	23,7	82	3249	434	96,4	1601
7/2/2019 16:02	5752	23,5	82	3287	439	97,6	1604
7/2/2019 16:03	5753	23,7	82	3287	439	97,6	1628
7/2/2019 16:04	5754	23,7	82	3327	445	98,9	1646
7/2/2019 16:05	5755	23,7	82	3287	439	97,6	1646
7/2/2019 16:06	5756	23,6	82	3327	445	98,9	1648
7/2/2019 16:07	5757	23,6	82	3327	445	98,9	1662
7/2/2019 16:08	5758	23,6	80	3372	452	100,4	1671
7/2/2019 16:09	5759	23,7	81	3456	465	103,3	1680
7/2/2019 16:10	5760	23,7	82	3505	473	105,1	1672
7/2/2019 16:11	5761	23,6	82	3525	476	105,8	1680
7/2/2019 16:12	5762	23,4	82	1616	185	41,1	1694
7/2/2019 16:13	5763	23,6	82	3505	473	105,1	1707
7/2/2019 16:14	5764	23,5	82	1717	473	105,1	1729
7/2/2019 16:15	5765	23,6	82	3077	407	90,4	1736
7/2/2019 16:16	5766	23,4	81	4037	554	123,1	1723
7/2/2019 16:17	5767	23,6	81	1099	554	123,1	1734
7/2/2019 16:18	5768	23,5	79	4037	554	123,1	1734
7/2/2019 16:19	5769	23,7	79	3597	487	108,2	1737
7/2/2019 16:20	5770	23,7	80	3898	532	118,2	1735
7/2/2019 16:21	5771	23,6	80	4202	579	128,7	1738
7/2/2019 16:22	5772	24	80	4202	579	128,7	1738
7/2/2019 16:23	5773	23,7	80	3992	547	121,6	1734
7/2/2019 16:24	5774	23,6	80	3681	499	110,9	1743
7/2/2019 16:25	5775	23,6	80	4262	588	130,7	1747
7/2/2019 16:26	5776	23,5	80	3639	493	109,6	1762
7/2/2019 16:27	5777	23,5	79	4154	571	126,9	1770
7/2/2019 16:28	5778	23,7	78	4154	571	126,9	1779
7/2/2019 16:29	5779	23,4	77	3597	487	108,2	1785
7/2/2019 16:32	5780	23,5	76	3780	514	114,2	1769
7/2/2019 16:33	5781	23,7	77	3824	521	115,8	1766
7/2/2019 16:34	5782	23,6	77	4290	592	131,6	1772
7/2/2019 16:35	5783	23,5	77	4402	609	135,3	1770
7/2/2019 16:36	5784	23,5	78	3824	521	115,8	1773
7/2/2019 16:37	5785	23,3	78	4348	601	133,6	1782
7/2/2019 16:38	5786	23,5	78	4154	571	126,9	1777
7/2/2019 16:39	5787	23,5	78	3734	507	112,7	1785
7/2/2019 16:40	5788	23,8	78	4290	592	131,6	1799
7/2/2019 16:41	5789	23,5	76	3639	493	109,6	1798
7/2/2019 16:42	5790	23,7	75	4154	571	126,9	1813
7/2/2019 16:43	5791	23,5	75	4154	571	126,9	1833
7/2/2019 16:44	5792	23,6	75	4154	571	126,9	1843
7/2/2019 16:45	5793	23,7	74	3992	547	121,6	1855
7/2/2019 16:46	5794	23,4	74	4037	554	123,1	1867
7/2/2019 16:47	5795	23,4	75	4106	564	125,3	1879
7/2/2019 16:48	5796	23,7	76	4154	571	126,9	1876
7/2/2019 16:49	5797	23,5	76	1944	235	52,2	1889
7/2/2019 16:50	5798	23,5	76	4465	619	137,6	1879
7/2/2019 16:51	5799	23,7	76	3769	513	114,0	1878
7/2/2019 16:52	5800	23,6	76	4414	611	135,8	1878
7/2/2019 16:53	5801	23,5	76	4414	611	135,8	1873
7/2/2019 16:54	5802	23,4	75	4414	611	135,8	1874
7/2/2019 16:55	5803	23,4	76	4513	626	139,1	1873
7/2/2019 16:56	5804	23,4	76	4608	641	142,4	1878
7/2/2019 16:57	5805	23,5	76	4675	651	144,7	1872
7/2/2019 16:58	5806	23,6	77	4675	651	144,7	1879
7/2/2019 16:59	5807	23,4	77	4608	641	142,4	1889
7/2/2019 17:00	5808	23,7	77	4011	550	122,2	1894
7/2/2019 17:01	5809	23,5	77	4675	651	144,7	1899
7/2/2019 17:02	5810	23,8	76	4729	659	146,4	1891
7/2/2019 17:03	5811	23,5	76	4465	619	137,6	1894
7/2/2019 17:04	5812	23,6	75	5056	709	157,6	1904
7/2/2019 17:05	5813	23,5	75	5001	700	155,6	1897
7/2/2019 17:06	5814	23,7	74	5056	709	157,6	1886
7/2/2019 17:07	5815	23,5	75	5056	709	157,6	1887
7/2/2019 17:08	5816	23,7	76	3681	499	110,9	1890
7/2/2019 17:09	5817	23,4	76	5116	718	159,6	1897
7/2/2019 17:10	5818	23,5	77	5116	718	159,6	1894
7/2/2019 17:11	5819	23,5	77	5262	740	164,4	1893
7/2/2019 17:12	5820	23,6	77	3515	474	105,3	1893
7/2/2019 17:13	5821	23,7	77	5056	709	157,6	1913
7/2/2019 17:14	5822	23,7	76	5056	709	157,6	1940
7/2/2019 17:29	5837	23,6	74	5878	834	185,3	2196
7/2/2019 17:30	5838	23,7	75	5934	843	187,3	2185
7/2/2019 17:31	5839	23,7	74	6418	916	203,6	2195
7/2/2019 17:32	5840	23,4	74	5986	850	188,9	2193
7/2/2019 17:34	5842	23,7	76	6350	906	201,3	2204
7/2/2019 17:40	5848	23,7	75	5674	803	178,4	2281
7/2/2019 17:49	5857	23,6	77	5767	817	181,6	2221
7/2/2019 17:51	5859	23,6	75	4210	580	128,9	2201
7/2/2019 17:52	5860	23,6	74	6516	931	206,9	2214
7/2/2019 17:53	5861	23,4	74	5718	810	180,0	2198
7/2/2019 17:54	5862	23,6	74	5918	840	186,7	2192
7/2/2019 17:55	5863	23,6	75	6817	977	217,1	2196
7/2/2019 17:56	5864	23,6	76	5957	846	188,0	2224
7/2/2019 17:57	5865	24	75	7426	1070	237,8	2245
7/2/2019 18:05	5873	23,4	74	5912	839	186,4	2402
7/2/2019 18:06	5874	23,4	74	6100	868	192,9	2397
7/2/2019 18:07	5875	23,5	75	7376	1062	236,0	
7/2/2019 18:08	5876	23,4	76	7454	1074	238,7	
7/2/2019 18:09	5877	23,4	77	7490	1080	240,0	
7/2/2019 18:10	5878	23,5	77	7490	1080	240,0	
7/2/2019 18:11	5879	23,7	77	5658	801	178,0	2428
7/2/2019 18:12	5880	23,6	77	6100	868	192,9	2483
7/2/2019 18:13	5881	23,6	75	2357	298	66,2	2503
7/2/2019 18:15	5882	23,3	76	1548	174	38,7	2503
7/2/2019 18:17	5884	23,1	77	2226	278	61,8	2413
7/2/2019 18:19	5886	23,4	78	2568	330	73,3	2429
7/2/2019 18:20	5887	23,5	77	3065	405	90,0	2441
7/2/2019 18:21	5888	23,7	77	2760	359	79,8	2451
7/2/2019 18:22	5889	23,6	78	3167	421	93,6	2467
7/2/2019 18:23	5890	24,3	77	2946	387	86,0	2477
7/2/2019 18:24	5891	23,6	78	2501	320	71,1	2471
7/2/2019 18:25	5892	23,7	77	2855	374	83,1	2487
7/2/2019 18:26	5893	23,5	75	2888	379	84,2	2491
7/2/2019 18:27	5894	23,7	75	2855	374	83,1	2479
7/2/2019 18:28	5895	23,3	76	2806	366	81,3	2450
7/2/2019 18:29	5896	23,7	76	2946	387	86,0	2443
7/2/2019 18:30	5897	23,6	77	2946	387	86,0	2516
7/2/2019 18:36	5899	23,4	75	1349	144	32,0	2427
7/2/2019 18:37	5900	23,4	75	1538	173	38,4	2421
7/2/2019 18:38	5901	23,5	74	1462	161	35,8	2429
7/2/2019 18:39	5902	23,4	73	1397	151	33,6	2411
7/2/2019 18:40	5903	23,2	75	1324	140	31,1	2375
7/2/2019 18:41	5904	23,6	76	1291	135	30,0	2358
7/2/2019 18:42	5905	23,5	75	1307	138	30,7	2366
7/2/2019 18:43	5906	23,4	76	1281	134	29,8	2394
7/2/2019 18:44	5907	23,2	78	1594	181	40,2	2382
7/2/2019 18:45	5908	23,8	78	2012	245	54,4	2377
7/2/2019 18:46	5909	23,6	77	2182	271	60,2	2387
7/2/2019 18:47	5910	23,4	78	2537	325	72,2	2380
7/2/2019 18:48	5911	23,4	77	4543	631	140,2	2384
7/2/2019 18:49	5912	23,4	76	3945	540	120,0	2378
7/2/2019 18:50	5913	23,4	76	4662	649	144,2	2375
7/2/2019 18:51	5914	23,4	77	4761	664	147,6	2369
7/2/2019 18:52	5915	23,5	76	4608	641	142,4	2352
7/2/2019 18:53	5916	23,4	76	4608	641	142,4	2331
7/2/2019 18:54	5917	23,2	78	4662	649	144,2	2342
7/2/2019 18:55	5918	23,6	76	4926	689	153,1	2344
7/2/2019 18:56	5919	23,5	75	5177	727	161,6	2321
7/2/2019 18:57	5920	24,3	75	4662	649	144,2	2298
7/2/2019 18:58	5921	25,2	74	2347	296	65,8	2225
7/2/2019 18:59	5922	25,4	72	3769	513	114,0	2144
7/2/2019 19:00	5923	25,5	71	2092	257	57,1	2040
7/2/2019 19:01	5924	25,4	71	2414	306	68,0	1959
7/2/2019 19:02	5925	25,4	72	3023	399	88,7	1885
7/2/2019 19:03	5926	25,5	69	772	56	12,4	1807
7/2/2019 19:04	5927	25,5	70	2815	367	81,6	1732
7/2/2019 19:05	5928	25,6	68	2760	359	79,8	1667
7/2/2019 19:06	5929	25,6	68	2979	392	87,1	1620
7/2/2019 19:07	5930	25,5	67	2347	296	65,8	1576
7/2/2019 19:08	5931	25,4	68	2452	312	69,3	1522
7/2/2019 19:09	5932	25,5	64	2068	254	56,4	1460
7/2/2019 19:10	5933	25,6	63	1743	204	45,3	1384
7/2/2019 19:12	5935	25,6	61	6315	901	200,2	1247
7/2/2019 19:13	5936	25,7	60	5125	719	159,8	1180
7/2/2019 19:14	5937	25,7	59	5556	785	174,4	1115
7/2/2019 19:15	5938	25,5	58	4461	618	137,3	1061
7/2/2019 19:16	5939	25,7	58	4840	676	150,2	1009
7/2/2019 19:17	5940	25,5	58	2168	269	59,8	982
7/2/2019 19:18	5941	25,6	58	3035	401	89,1	974
7/2/2019 19:19	5942	25,4	58	2817	368	81,8	971
7/2/2019 19:20	5943	25,4	57	3296	441	98,0	954
7/2/2019 19:21	5944	25,4	58	3333	446	99,1	956
7/2/2019 19:22	5945	25,6	59	3656	496	110,2	954
7/2/2019 19:23	5946	25,4	58	3656	496	110,2	941
7/2/2019 19:24	5947	25,6	59	3518	475	105,6	938
7/2/2019 19:25	5948	25,4	59	3405	457	101,6	931
7/2/2019 19:26	5949	25,4	57	2913	382	84,9	907
7/2/2019 19:27	5950	25,7	57	2968	391	86,9	896
7/2/2019 19:28	5951	25,6	57	3228	430	95,6	878
7/2/2019 19:29	5952	25,5	56	1350	144	32,0	847
7/2/2019 19:30	5953	25,7	55	2399	304	67,6	817
7/2/2019 19:31	5954	25,7	53	2722	353	78,4	788
7/2/2019 19:32	5955	25,7	52	1380	149	33,1	767
7/2/2019 19:33	5956	25,7	52	2539	325	72,2	742
7/2/2019 19:34	5957	25,7	51	2488	318	70,7	728
7/2/2019 19:35	5958	25,5	51	2399	304	67,6	715
7/2/2019 19:36	5959	25,7	51	2353	297	66,0	705
7/2/2019 19:37	5960	25,7	51	2318	292	64,9	695
7/2/2019 19:38	5961	25,5	50	2210	275	61,1	684
7/2/2019 19:39	5962	25,5	52	2261	283	62,9	676
7/2/2019 19:40	5963	25,6	50	2092	257	57,1	671
7/2/2019 19:41	5964	25,4	51	2074	255	56,7	667
7/2/2019 19:42	5965	25,6	50	2152	266	59,1	663
7/2/2019 19:43	5966	25,5	50	2191	272	60,4	661
7/2/2019 19:44	5967	25,4	50	2004	244	54,2	656
7/2/2019 19:45	5968	25,7	51	2004	244	54,2	655
7/2/2019 19:46	5969	25,6	50	2020	246	54,7	657
7/2/2019 19:47	5970	25,5	50	2168	269	59,8	652
7/2/2019 19:48	5971	25,7	50	2261	283	62,9	654
7/2/2019 19:49	5972	25,8	49	2261	283	62,9	654
7/2/2019 19:50	5973	25,9	50	2191	272	60,4	649
7/2/2019 19:51	5974	25,6	50	2420	307	68,2	651
7/2/2019 19:52	5975	25,7	48	2476	316	70,2	648
7/2/2019 19:53	5976	25,6	50	2539	325	72,2	650
7/2/2019 19:54	5977	25,5	50	2598	334	74,2	651
7/2/2019 19:55	5978	25,7	50	2598	334	74,2	653
7/2/2019 19:56	5979	25,5	49	2244	280	62,2	639
7/2/2019 19:57	5980	25,7	47	2618	337	74,9	637
7/2/2019 19:58	5981	25,5	46	1578	179	39,8	632
7/2/2019 19:59	5982	25,7	47	2191	272	60,4	640
7/2/2019 20:00	5983	25,7	48	1618	185	41,1	656
7/2/2019 20:05	5984	25,7	46	462	9	2,0	648
7/2/2019 20:06	5985	25,6	47	514	17	3,8	671
7/2/2019 20:07	5986	25,6	46	543	21	4,7	682
7/2/2019 20:08	5987	25,6	47	481	12	2,7	678
7/2/2019 20:09	5988	25,5	46	668	40	8,9	675
7/2/2019 20:10	5989	25,7	47	652	38	8,4	669
7/2/2019 20:11	5990	25,5	47	674	41	9,1	660
7/2/2019 20:12	5991	25,7	46	645	37	8,2	652
7/2/2019 20:13	5992	25,9	45	645	37	8,2	651
7/2/2019 20:14	5993	25,6	46	600	30	6,7	675
7/2/2019 20:15	5994	25,7	47	537	20	4,4	691
7/2/2019 20:16	5995	25,7	47	534	20	4,4	709
7/2/2019 20:17	5996	25,6	47	652	38	8,4	725
7/2/2019 20:18	5997	25,7	48	638	36	8,0	733
7/2/2019 20:19	5998	25,6	50	652	38	8,4	743
7/2/2019 20:20	5999	25,5	50	620	33	7,3	742
7/2/2019 20:21	6000	25,4	50	620	33	7,3	746
7/2/2019 20:22	6001	25,7	49	607	31	6,9	746
7/2/2019 20:23	6002	25,4	50	594	29	6,4	743
7/2/2019 20:24	6003	25,6	50	634	35	7,8	747
7/2/2019 20:25	6004	25,4	50	620	33	7,3	755
7/2/2019 20:26	6005	25,6	49	645	37	8,2	752
7/2/2019 20:27	6006	25,5	50	659	39	8,7	747
7/2/2019 20:28	6007	25,6	49	638	36	8,0	746
7/2/2019 20:29	6008	25,6	50	638	36	8,0	749
7/2/2019 20:30	6009	25,6	49	668	40	8,9	743
7/2/2019 20:31	6010	25,5	49	682	42	9,3	738
7/2/2019 20:32	6011	25,9	50	668	40	8,9	733
7/2/2019 20:33	6012	25,7	50	690	44	9,8	738
7/2/2019 20:34	6013	25,6	51	614	32	7,1	749
7/2/2019 20:35	6014	25,7	50	732	50	11,1	738
7/2/2019 20:36	6015	25,7	51	748	53	11,8	734
7/2/2019 20:37	6016	25,4	50	700	45	10,0	737
7/2/2019 20:38	6017	25,5	50	714	47	10,4	735
7/2/2019 20:39	6018	25,7	50	752	53	11,8	735
7/2/2019 20:40	6019	25,9	49	752	53	11,8	735
7/2/2019 20:41	6020	25,5	50	752	53	11,8	731
7/2/2019 20:42	6021	25,5	50	765	55	12,2	729
7/2/2019 20:43	6022	25,6	50	740	51	11,3	726
7/2/2019 20:44	6023	25,4	50	798	60	13,3	710
7/2/2019 20:45	6024	25,6	50	806	61	13,6	717
7/2/2019 20:46	6025	25,5	49	806	61	13,6	720
7/2/2019 20:47	6026	25,8	49	821	64	14,2	711
7/2/2019 20:48	6027	25,6	49	834	66	14,7	710
7/2/2019 20:49	6028	25,8	49	821	64	14,2	711
7/2/2019 20:50	6029	25,6	50	840	67	14,9	708
7/2/2019 20:51	6030	25,6	49	863	70	15,6	707
7/2/2019 20:52	6031	25,6	50	863	70	15,6	710
7/2/2019 20:53	6032	25,6	49	870	71	15,8	716
7/2/2019 20:54	6033	25,4	50	870	71	15,8	716
7/2/2019 20:55	6034	25,4	50	870	71	15,8	710
7/2/2019 20:56	6035	25,4	50	880	73	16,2	709
7/2/2019 20:57	6036	25,4	50	880	73	16,2	709
7/2/2019 20:58	6037	25,4	50	880	73	16,2	702
7/2/2019 20:59	6038	25,6	49	880	73	16,2	708
7/2/2019 21:00	6039	25,4	50	870	71	15,8	702
7/2/2019 21:01	6040	25,5	50	870	71	15,8	702
7/2/2019 21:02	6041	25,6	49	834	66	14,7	693
7/2/2019 21:03	6042	25,6	49	863	70	15,6	691
7/2/2019 21:04	6043	25,8	49	806	61	13,6	690
7/2/2019 21:05	6044	25,4	50	840	67	14,9	694
7/2/2019 21:06	6045	25,6	49	840	67	14,9	693
7/2/2019 21:07	6046	25,4	50	778	57	12,7	692
7/2/2019 21:08	6047	25,5	50	821	64	14,2	696
7/2/2019 21:09	6048	25,6	49	821	64	14,2	690
7/2/2019 21:10	6049	25,5	50	813	62	13,8	697
7/2/2019 21:11	6050	25,7	50	806	61	13,6	695
7/2/2019 21:12	6051	25,5	50	806	61	13,6	689
7/2/2019 21:13	6052	25,6	50	813	62	13,8	686
7/2/2019 21:14	6053	25,4	50	806	61	13,6	683
7/2/2019 21:15	6054	25,6	49	806	61	13,6	683
7/2/2019 21:16	6055	25,5	50	806	61	13,6	686
7/2/2019 21:17	6056	25,6	50	726	49	10,9	685
7/2/2019 21:18	6057	25,5	50	806	61	13,6	681
7/2/2019 21:19	6058	25,6	50	778	57	12,7	678
7/2/2019 21:20	6059	25,6	50	785	58	12,9	682
7/2/2019 21:21	6060	25,7	50	785	58	12,9	682
7/2/2019 21:22	6061	25,5	50	778	57	12,7	678
7/2/2019 21:23	6062	25,7	50	778	57	12,7	672
7/2/2019 21:24	6063	25,4	50	770	56	12,4	669
7/2/2019 21:25	6064	25,5	48	770	56	12,4	671
7/2/2019 21:26	6065	25,4	50	1053	99	22,0	675
7/2/2019 21:27	6066	25,4	50	1065	101	22,4	677
7/2/2019 21:28	6067	25,4	50	1065	101	22,4	679
7/2/2019 21:29	6068	25,4	50	1065	101	22,4	678
7/2/2019 21:30	6069	25,6	50	1065	101	22,4	674
7/2/2019 21:31	6070	25,5	50	1053	99	22,0	673
7/2/2019 21:32	6071	25,5	50	1065	101	22,4	667
7/2/2019 21:33	6072	25,7	49	1090	105	23,3	667
7/2/2019 21:34	6073	25,4	50	1074	102	22,7	669
7/2/2019 21:35	6074	25,4	50	1102	106	23,6	668
7/2/2019 21:36	6075	25,5	51	1110	108	24,0	668
7/2/2019 21:37	6076	25,5	51	1140	112	24,9	669
7/2/2019 21:38	6077	25,7	49	1150	114	25,3	669
7/2/2019 21:39	6078	25,5	51	1178	118	26,2	666
7/2/2019 21:40	6079	25,6	51	1178	118	26,2	664
7/2/2019 21:41	6080	25,5	51	1178	118	26,2	658
7/2/2019 21:42	6081	25,6	49	1163	116	25,8	657
7/2/2019 21:43	6082	25,6	51	1163	116	25,8	662
7/2/2019 21:44	6083	25,4	51	1150	114	25,3	663
7/2/2019 21:45	6084	25,5	50	1163	116	25,8	651
7/2/2019 21:46	6085	25,7	50	1163	116	25,8	652
7/2/2019 21:47	6086	25,6	50	1163	116	25,8	653
7/2/2019 21:48	6087	25,7	49	1029	95	21,1	658
7/2/2019 21:49	6088	25,7	50	1150	114	25,3	661
7/2/2019 21:50	6089	25,4	51	1150	114	25,3	656
7/2/2019 21:51	6090	25,4	51	1163	116	25,8	666
7/2/2019 21:52	6091	25,6	51	1140	112	24,9	662
7/2/2019 21:53	6092	25,6	50	1140	112	24,9	658
7/2/2019 21:54	6093	25,4	51	1150	114	25,3	657
7/2/2019 21:55	6094	25,5	51	1150	114	25,3	662
7/2/2019 21:56	6095	25,3	51	1140	112	24,9	663
7/2/2019 21:57	6096	25,6	50	1140	112	24,9	656
7/2/2019 21:58	6097	25,5	50	1074	102	22,7	659
7/2/2019 21:59	6098	25,4	51	1140	112	24,9	651
7/2/2019 22:00	6099	25,6	49	1140	112	24,9	638
7/2/2019 22:01	6100	25,5	51	1110	108	24,0	638
7/2/2019 22:02	6101	25,6	50	1125	110	24,4	647
7/2/2019 22:03	6102	25,4	51	1125	110	24,4	646
7/2/2019 22:04	6103	25,6	51	1102	106	23,6	648
7/2/2019 22:05	6104	25,4	51	1125	110	24,4	644
7/2/2019 22:06	6105	25,5	51	1125	110	24,4	650
7/2/2019 22:07	6106	25,5	51	1090	105	23,3	647
7/2/2019 22:08	6107	25,5	51	1090	105	23,3	641
7/2/2019 22:09	6108	25,6	51	1065	101	22,4	644
7/2/2019 22:10	6109	25,4	52	1029	95	21,1	644
7/2/2019 22:11	6110	25,4	51	1029	95	21,1	640
7/2/2019 22:12	6111	25,5	51	1029	95	21,1	642
7/2/2019 22:13	6112	25,5	52	1029	95	21,1	645
7/2/2019 22:14	6113	25,5	52	1029	95	21,1	636
7/2/2019 22:15	6114	25,7	50	1805	214	47,6	633
7/2/2019 22:16	6115	25,4	51	1773	209	46,4	640
7/2/2019 22:17	6116	25,3	51	1723	201	44,7	646
7/2/2019 22:18	6117	25,4	52	1669	193	42,9	650
7/2/2019 22:19	6118	25,4	51	1723	201	44,7	647
7/2/2019 22:20	6119	25,4	51	1688	196	43,6	640
7/2/2019 22:21	6120	25,5	50	1654	191	42,4	638
7/2/2019 22:22	6121	25,4	51	1597	182	40,4	639
7/2/2019 22:23	6122	25,6	51	1569	178	39,6	633
7/2/2019 22:24	6123	25,6	50	1569	178	39,6	636
7/2/2019 22:25	6124	25,6	51	1544	174	38,7	638
7/2/2019 22:26	6125	25,4	52	1569	178	39,6	643
7/2/2019 22:27	6126	25,7	50	1487	165	36,7	642
7/2/2019 22:28	6127	25,6	51	1580	179	39,8	643
7/2/2019 22:29	6128	25,5	50	1616	185	41,1	640
7/2/2019 22:30	6129	25,4	52	1487	165	36,7	631
7/2/2019 22:31	6130	25,5	51	1580	179	39,8	632
7/2/2019 22:32	6131	25,6	52	1544	174	38,7	629
7/2/2019 22:33	6132	25,5	52	1544	174	38,7	639
7/2/2019 22:34	6133	25,4	52	1569	178	39,6	646
7/2/2019 22:35	6134	25,5	51	1544	174	38,7	633
7/2/2019 22:36	6135	25,6	50	1534	172	38,2	629
7/2/2019 22:37	6136	25,4	52	1503	168	37,3	627
7/2/2019 22:38	6137	25,4	51	1470	163	36,2	629
7/2/2019 22:39	6138	25,7	51	1487	165	36,7	631
7/2/2019 22:40	6139	25,6	51	1470	163	36,2	624
7/2/2019 22:41	6140	25,3	52	1453	160	35,6	620
7/2/2019 22:42	6141	25,5	51	1436	157	34,9	625
7/2/2019 22:43	6142	25,6	53	1436	157	34,9	623
7/2/2019 22:44	6143	25,7	51	1413	154	34,2	626
7/2/2019 22:45	6144	25,6	51	1385	150	33,3	630
7/2/2019 22:46	6145	25,6	53	1248	129	28,7	638
7/2/2019 22:47	6146	25,4	53	1356	145	32,2	627
7/2/2019 22:48	6147	25,4	51	1338	142	31,6	620
7/2/2019 22:49	6148	25,6	51	1338	142	31,6	624
7/2/2019 22:50	6149	25,5	53	1302	137	30,4	619
7/2/2019 22:51	6150	25,4	53	1302	137	30,4	626
7/2/2019 22:52	6151	25,5	52	1302	137	30,4	632
7/2/2019 22:53	6152	25,6	52	1291	135	30,0	637
7/2/2019 22:54	6153	25,4	53	1224	125	27,8	643
7/2/2019 22:55	6154	25,7	52	1274	133	29,6	639
7/2/2019 22:56	6155	25,5	52	1302	137	30,4	640
7/2/2019 22:57	6156	25,6	52	1201	122	27,1	635
7/2/2019 22:58	6157	25,6	52	1302	137	30,4	629
7/2/2019 22:59	6158	25,4	53	1291	135	30,0	626
7/2/2019 23:00	6159	25,3	53	1291	135	30,0	630
7/2/2019 23:01	6160	25,5	53	1274	133	29,6	619
7/2/2019 23:02	6161	25,3	53	1262	131	29,1	621
7/2/2019 23:03	6162	25,4	53	1274	133	29,6	632
7/2/2019 23:04	6163	25,5	51	1274	133	29,6	634
7/2/2019 23:05	6164	25,5	53	1274	133	29,6	631
7/2/2019 23:06	6165	25,5	51	1262	131	29,1	622
7/2/2019 23:07	6166	25,6	51	1274	133	29,6	625
7/2/2019 23:08	6167	25,5	53	1248	129	28,7	626
7/2/2019 23:09	6168	25,4	53	1262	131	29,1	637
7/2/2019 23:10	6169	25,5	53	1248	129	28,7	633
7/2/2019 23:11	6170	25,4	53	1238	127	28,2	631
7/2/2019 23:12	6171	25,5	52	1238	127	28,2	630
7/2/2019 23:13	6172	25,4	52	1083	104	23,1	629
7/2/2019 23:14	6173	25,6	51	1201	122	27,1	633
7/2/2019 23:15	6174	25,1	53	1207	122	27,1	630
7/2/2019 23:16	6175	25,4	52	1201	122	27,1	629
7/2/2019 23:17	6176	25,6	52	1191	120	26,7	626
7/2/2019 23:18	6177	25,5	52	1178	118	26,2	620
7/2/2019 23:19	6178	25,4	52	1163	116	25,8	622
7/2/2019 23:20	6179	25,3	52	1147	113	25,1	629
7/2/2019 23:21	6180	25,4	52	1099	106	23,6	625
7/2/2019 23:22	6181	25,4	52	1153	114	25,3	627
7/2/2019 23:23	6182	25,3	52	1083	104	23,1	631
7/2/2019 23:24	6183	25,3	52	1134	111	24,7	622
7/2/2019 23:25	6184	25,6	52	1147	113	25,1	626
7/2/2019 23:26	6185	25,3	52	1065	101	22,4	625
7/2/2019 23:27	6186	24	51	1125	110	24,4	630
7/2/2019 23:28	6187	25,4	52	1134	111	24,7	634
7/2/2019 23:29	6188	25,5	52	1125	110	24,4	631
7/2/2019 23:30	6189	25,6	52	1099	106	23,6	634
7/2/2019 23:31	6190	24,9	50	1050	99	22,0	626
7/2/2019 23:32	6191	25	50	1099	106	23,6	628
7/2/2019 23:33	6192	24,5	51	1029	95	21,1	628
7/2/2019 23:34	6193	24	51	1083	104	23,1	633
7/2/2019 23:35	6194	24,1	50	1065	101	22,4	634
7/2/2019 23:36	6195	24,2	50	972	87	19,3	632
7/2/2019 23:37	6196	24,3	51	1050	99	22,0	629
7/2/2019 23:38	6197	25,4	52	1012	93	20,7	629
7/2/2019 23:39	6198	24	52	1012	93	20,7	635
7/2/2019 23:40	6199	25,6	52	995	90	20,0	625
7/2/2019 23:41	6200	25,4	52	972	87	19,3	623
7/2/2019 23:42	6201	25,5	52	977	87	19,3	615
7/2/2019 23:43	6202	25,4	52	987	89	19,8	618
7/2/2019 23:44	6203	24,6	50	972	87	19,3	617
7/2/2019 23:45	6204	25,4	52	956	84	18,7	625
7/2/2019 23:46	6205	25,3	51	967	86	19,1	616
7/2/2019 23:47	6206	25,4	52	942	82	18,2	613
7/2/2019 23:48	6207	25,5	51	933	81	18,0	612
7/2/2019 23:49	6208	25,2	52	933	81	18,0	605
7/2/2019 23:50	6209	25,3	52	933	81	18,0	610
7/2/2019 23:51	6210	25,4	51	942	82	18,2	610
7/2/2019 23:52	6211	25,3	51	900	76	16,9	613
7/2/2019 23:53	6212	25,5	51	923	79	17,6	619
7/2/2019 23:54	6213	25,5	51	923	79	17,6	631
7/2/2019 23:55	6214	25,6	51	923	79	17,6	620
7/2/2019 23:56	6215	25,3	51	942	82	18,2	622
7/2/2019 23:57	6216	25,3	51	942	82	18,2	616
7/2/2019 23:58	6217	25,5	51	951	83	18,4	619
7/2/2019 23:59	6218	24,4	50	857	69	15,3	626
